<!DOCTYPE html>
<html lang="en">
<head>
    <meta charset="UTF-8">
    <meta name="viewport" content="width=device-width, initial-scale=1.0">
    <title>Water Year Similarity Matrix</title>
    <script src="https://cdn.plot.ly/plotly-2.27.0.min.js"></script>
    <style>
        * { box-sizing: border-box; margin: 0; padding: 0; }
        body {
            font-family: -apple-system, BlinkMacSystemFont, 'Segoe UI', Roboto, sans-serif;
            background: #0f172a;
            color: #e2e8f0;
            padding: 20px;
        }
        .container { max-width: 1200px; margin: 0 auto; }
        h1 {
            text-align: center;
            font-size: 1.8rem;
            margin-bottom: 8px;
            color: #38bdf8;
        }
        .subtitle {
            text-align: center;
            color: #94a3b8;
            margin-bottom: 24px;
        }
        .controls {
            display: flex;
            gap: 16px;
            justify-content: center;
            flex-wrap: wrap;
            margin-bottom: 20px;
            padding: 16px;
            background: #1e293b;
            border-radius: 8px;
        }
        .control-group {
            display: flex;
            flex-direction: column;
            gap: 4px;
        }
        .control-group label {
            font-size: 0.75rem;
            color: #94a3b8;
            text-transform: uppercase;
        }
        select {
            padding: 8px 12px;
            font-size: 0.95rem;
            border: 1px solid #334155;
            border-radius: 6px;
            background: #0f172a;
            color: #e2e8f0;
            min-width: 180px;
        }
        .toggle-group { display: flex; gap: 8px; }
        .toggle-btn {
            padding: 8px 16px;
            border: 1px solid #334155;
            border-radius: 6px;
            background: #0f172a;
            color: #94a3b8;
            cursor: pointer;
            font-size: 0.9rem;
        }
        .toggle-btn.active {
            background: #38bdf8;
            color: #0f172a;
            border-color: #38bdf8;
            font-weight: 600;
        }
        #chart { 
            background: #1e293b; 
            border-radius: 8px; 
            padding: 16px;
            min-height: 700px;
        }
        .info {
            background: #1e293b;
            border-left: 3px solid #38bdf8;
            padding: 12px;
            margin-bottom: 16px;
            border-radius: 0 6px 6px 0;
            font-size: 0.9rem;
            color: #94a3b8;
        }
        .stats {
            display: grid;
            grid-template-columns: repeat(auto-fit, minmax(200px, 1fr));
            gap: 12px;
            margin-top: 16px;
        }
        .stat-card {
            background: #1e293b;
            padding: 12px;
            border-radius: 6px;
        }
        .stat-card h3 {
            font-size: 0.7rem;
            color: #64748b;
            text-transform: uppercase;
            margin-bottom: 4px;
        }
        .stat-value { color: #38bdf8; font-size: 1rem; }
    </style>
</head>
<body>
    <div class="container">
        <h1>Water Year Similarity Matrix</h1>
        <p class="subtitle">N×N correlation matrix comparing water years</p>
        
        <div class="controls">
            <div class="control-group">
                <label>Station</label>
                <select id="station"></select>
            </div>
            <div class="control-group">
                <label>Method</label>
                <select id="method">
                    <option value="correlation">Correlation</option>
                    <option value="dtw">DTW Distance</option>
                    <option value="fft">FFT Spectral</option>
                    <option value="edm">EDM</option>
                </select>
            </div>
            <div class="control-group">
                <label>Data</label>
                <div class="toggle-group">
                    <button class="toggle-btn active" id="btn-raw">Raw SWE</button>
                    <button class="toggle-btn" id="btn-delta">Δ SWE</button>
                </div>
            </div>
        </div>
        
        <div class="info" id="info">Select options to view the similarity matrix.</div>
        
        <div id="chart"></div>
        
        <div class="stats" id="stats"></div>
    </div>

    <script>
        const stations = [{"triplet": "473:CA:SNTL", "name": "Fallen Leaf", "state": "CA", "years": [1996, 1997, 1998, 1999, 2000, 2001, 2002, 2003, 2004, 2005, 2006, 2007, 2008, 2009, 2010, 2011, 2012, 2013, 2014, 2015, 2016, 2017, 2018, 2019, 2020, 2021, 2022, 2023, 2024, 2025]}, {"triplet": "463:CA:SNTL", "name": "Echo Peak", "state": "CA", "years": [1996, 1997, 1998, 1999, 2000, 2001, 2002, 2003, 2004, 2005, 2006, 2007, 2008, 2009, 2010, 2011, 2012, 2013, 2014, 2015, 2016, 2017, 2018, 2019, 2020, 2021, 2022, 2023, 2024, 2025]}, {"triplet": "587:CA:SNTL", "name": "Lobdell Lake", "state": "CA", "years": [1996, 1997, 1998, 1999, 2000, 2001, 2002, 2003, 2004, 2005, 2006, 2007, 2008, 2009, 2010, 2011, 2012, 2013, 2014, 2015, 2016, 2017, 2018, 2019, 2020, 2021, 2022, 2023, 2024, 2025]}, {"triplet": "848:CA:SNTL", "name": "Ward Creek #3", "state": "CA", "years": [1996, 1997, 1998, 1999, 2000, 2001, 2002, 2003, 2004, 2005, 2006, 2007, 2008, 2009, 2010, 2011, 2012, 2013, 2014, 2015, 2016, 2017, 2018, 2019, 2020, 2021, 2022, 2023, 2024, 2025]}, {"triplet": "846:CA:SNTL", "name": "Virginia Lakes Ridge", "state": "CA", "years": [1996, 1997, 1998, 1999, 2000, 2001, 2002, 2003, 2004, 2005, 2006, 2007, 2008, 2009, 2010, 2011, 2012, 2013, 2014, 2015, 2016, 2017, 2018, 2019, 2020, 2021, 2022, 2023, 2024, 2025]}, {"triplet": "784:CA:SNTL", "name": "Palisades Tahoe", "state": "CA", "years": [1996, 1997, 1998, 1999, 2000, 2001, 2002, 2003, 2004, 2005, 2006, 2007, 2008, 2009, 2010, 2011, 2012, 2013, 2014, 2015, 2016, 2017, 2018, 2019, 2020, 2021, 2022, 2023, 2024, 2025]}, {"triplet": "778:CA:SNTL", "name": "Spratt Creek", "state": "CA", "years": [1996, 1997, 1998, 1999, 2000, 2001, 2002, 2003, 2004, 2005, 2006, 2007, 2008, 2009, 2010, 2011, 2012, 2013, 2014, 2015, 2016, 2017, 2018, 2019, 2020, 2021, 2022, 2023, 2024, 2025]}, {"triplet": "462:CA:SNTL", "name": "Ebbetts Pass", "state": "CA", "years": [1996, 1997, 1998, 1999, 2000, 2001, 2002, 2003, 2004, 2005, 2006, 2007, 2008, 2009, 2010, 2011, 2012, 2013, 2014, 2015, 2016, 2017, 2018, 2019, 2020, 2021, 2022, 2023, 2024, 2025]}, {"triplet": "541:CA:SNTL", "name": "Independence Lake", "state": "CA", "years": [1996, 1997, 1998, 1999, 2000, 2001, 2002, 2003, 2004, 2005, 2006, 2007, 2008, 2009, 2010, 2011, 2012, 2013, 2014, 2015, 2016, 2017, 2018, 2019, 2020, 2021, 2022, 2023, 2024, 2025]}, {"triplet": "428:CA:SNTL", "name": "Css Lab", "state": "CA", "years": [1996, 1997, 1998, 1999, 2000, 2001, 2002, 2003, 2004, 2005, 2006, 2007, 2008, 2009, 2010, 2011, 2012, 2013, 2014, 2015, 2016, 2017, 2018, 2019, 2020, 2021, 2022, 2023, 2024, 2025]}];
        const matrices = {"473:CA:SNTL_correlation_raw": [[1.0, 0.702, 0.888, 0.885, 0.872, 0.842, 0.6, 0.418, 0.78, 0.81, 0.817, 0.621, 0.891, 0.752, 0.885, 0.844, 0.895, 0.628, 0.254, 0.269, 0.454, 0.888, 0.775, 0.927, 0.522, 0.851, 0.583, 0.823, 0.91, 0.385], [0.702, 1.0, 0.677, 0.745, 0.816, 0.748, 0.803, 0.727, 0.83, 0.801, 0.421, 0.608, 0.827, 0.844, 0.784, 0.592, 0.813, 0.885, 0.566, 0.329, 0.801, 0.817, 0.212, 0.598, 0.581, 0.851, 0.818, 0.582, 0.571, 0.445], [0.888, 0.677, 1.0, 0.978, 0.866, 0.91, 0.643, 0.529, 0.845, 0.873, 0.816, 0.666, 0.911, 0.826, 0.92, 0.918, 0.853, 0.688, 0.215, 0.361, 0.482, 0.879, 0.644, 0.967, 0.469, 0.872, 0.651, 0.896, 0.928, 0.433], [0.885, 0.745, 0.978, 1.0, 0.9, 0.922, 0.68, 0.536, 0.855, 0.875, 0.781, 0.64, 0.917, 0.837, 0.928, 0.879, 0.891, 0.718, 0.238, 0.342, 0.545, 0.896, 0.586, 0.939, 0.499, 0.897, 0.669, 0.864, 0.886, 0.429], [0.872, 0.816, 0.866, 0.9, 1.0, 0.956, 0.662, 0.516, 0.903, 0.826, 0.591, 0.724, 0.92, 0.857, 0.85, 0.697, 0.968, 0.765, 0.275, 0.377, 0.582, 0.94, 0.499, 0.822, 0.417, 0.901, 0.68, 0.697, 0.857, 0.341], [0.842, 0.748, 0.91, 0.922, 0.956, 1.0, 0.655, 0.54, 0.906, 0.804, 0.582, 0.757, 0.899, 0.876, 0.851, 0.739, 0.92, 0.74, 0.203, 0.397, 0.504, 0.903, 0.54, 0.847, 0.353, 0.891, 0.686, 0.71, 0.902, 0.402], [0.6, 0.803, 0.643, 0.68, 0.662, 0.655, 1.0, 0.881, 0.833, 0.853, 0.453, 0.563, 0.804, 0.857, 0.831, 0.67, 0.636, 0.888, 0.798, 0.212, 0.889, 0.758, 0.272, 0.554, 0.832, 0.861, 0.937, 0.654, 0.531, 0.734], [0.418, 0.727, 0.529, 0.536, 0.516, 0.54, 0.881, 1.0, 0.794, 0.783, 0.339, 0.634, 0.68, 0.834, 0.715, 0.582, 0.498, 0.905, 0.802, 0.293, 0.845, 0.638, 0.082, 0.403, 0.649, 0.708, 0.959, 0.572, 0.403, 0.739], [0.78, 0.83, 0.845, 0.855, 0.903, 0.906, 0.833, 0.794, 1.0, 0.927, 0.572, 0.818, 0.946, 0.979, 0.904, 0.758, 0.876, 0.929, 0.531, 0.395, 0.741, 0.938, 0.425, 0.763, 0.563, 0.936, 0.897, 0.747, 0.804, 0.543], [0.81, 0.801, 0.873, 0.875, 0.826, 0.804, 0.853, 0.783, 0.927, 1.0, 0.748, 0.702, 0.953, 0.919, 0.95, 0.878, 0.814, 0.896, 0.588, 0.302, 0.794, 0.934, 0.462, 0.832, 0.73, 0.921, 0.865, 0.871, 0.785, 0.571], [0.817, 0.421, 0.816, 0.781, 0.591, 0.582, 0.453, 0.339, 0.572, 0.748, 1.0, 0.411, 0.712, 0.559, 0.814, 0.892, 0.625, 0.453, 0.224, 0.127, 0.346, 0.701, 0.716, 0.89, 0.572, 0.624, 0.437, 0.927, 0.78, 0.399], [0.621, 0.608, 0.666, 0.64, 0.724, 0.757, 0.563, 0.634, 0.818, 0.702, 0.411, 1.0, 0.693, 0.776, 0.697, 0.639, 0.716, 0.713, 0.376, 0.587, 0.431, 0.732, 0.396, 0.588, 0.252, 0.671, 0.68, 0.599, 0.702, 0.273], [0.891, 0.827, 0.911, 0.917, 0.92, 0.899, 0.804, 0.68, 0.946, 0.953, 0.712, 0.693, 1.0, 0.928, 0.936, 0.839, 0.904, 0.86, 0.459, 0.309, 0.716, 0.975, 0.563, 0.88, 0.638, 0.968, 0.811, 0.819, 0.865, 0.507], [0.752, 0.844, 0.826, 0.837, 0.857, 0.876, 0.857, 0.834, 0.979, 0.919, 0.559, 0.776, 0.928, 1.0, 0.894, 0.757, 0.832, 0.951, 0.548, 0.343, 0.757, 0.911, 0.393, 0.74, 0.583, 0.925, 0.927, 0.734, 0.772, 0.603], [0.885, 0.784, 0.92, 0.928, 0.85, 0.851, 0.831, 0.715, 0.904, 0.95, 0.814, 0.697, 0.936, 0.894, 1.0, 0.914, 0.846, 0.824, 0.528, 0.314, 0.693, 0.911, 0.586, 0.89, 0.698, 0.921, 0.826, 0.917, 0.846, 0.61], [0.844, 0.592, 0.918, 0.879, 0.697, 0.739, 0.67, 0.582, 0.758, 0.878, 0.892, 0.639, 0.839, 0.757, 0.914, 1.0, 0.717, 0.652, 0.354, 0.339, 0.499, 0.802, 0.698, 0.923, 0.623, 0.808, 0.656, 0.949, 0.846, 0.498], [0.895, 0.813, 0.853, 0.891, 0.968, 0.92, 0.636, 0.498, 0.876, 0.814, 0.625, 0.716, 0.904, 0.832, 0.846, 0.717, 1.0, 0.732, 0.265, 0.396, 0.539, 0.93, 0.567, 0.83, 0.435, 0.877, 0.657, 0.712, 0.864, 0.327], [0.628, 0.885, 0.688, 0.718, 0.765, 0.74, 0.888, 0.905, 0.929, 0.896, 0.453, 0.713, 0.86, 0.951, 0.824, 0.652, 0.732, 1.0, 0.703, 0.307, 0.886, 0.845, 0.184, 0.585, 0.646, 0.868, 0.961, 0.648, 0.585, 0.599], [0.254, 0.566, 0.215, 0.238, 0.275, 0.203, 0.798, 0.802, 0.531, 0.588, 0.224, 0.376, 0.459, 0.548, 0.528, 0.354, 0.265, 0.703, 1.0, 0.06, 0.811, 0.433, -0.014, 0.143, 0.766, 0.488, 0.778, 0.399, 0.125, 0.595], [0.269, 0.329, 0.361, 0.342, 0.377, 0.397, 0.212, 0.293, 0.395, 0.302, 0.127, 0.587, 0.309, 0.343, 0.314, 0.339, 0.396, 0.307, 0.06, 1.0, 0.103, 0.283, 0.233, 0.301, -0.004, 0.335, 0.298, 0.263, 0.344, 0.036], [0.454, 0.801, 0.482, 0.545, 0.582, 0.504, 0.889, 0.845, 0.741, 0.794, 0.346, 0.431, 0.716, 0.757, 0.693, 0.499, 0.539, 0.886, 0.811, 0.103, 1.0, 0.702, -0.017, 0.396, 0.783, 0.754, 0.869, 0.522, 0.327, 0.613], [0.888, 0.817, 0.879, 0.896, 0.94, 0.903, 0.758, 0.638, 0.938, 0.934, 0.701, 0.732, 0.975, 0.911, 0.911, 0.802, 0.93, 0.845, 0.433, 0.283, 0.702, 1.0, 0.539, 0.857, 0.608, 0.933, 0.771, 0.797, 0.87, 0.438], [0.775, 0.212, 0.644, 0.586, 0.499, 0.54, 0.272, 0.082, 0.425, 0.462, 0.716, 0.396, 0.563, 0.393, 0.586, 0.698, 0.567, 0.184, -0.014, 0.233, -0.017, 0.539, 1.0, 0.752, 0.348, 0.516, 0.224, 0.641, 0.781, 0.26], [0.927, 0.598, 0.967, 0.939, 0.822, 0.847, 0.554, 0.403, 0.763, 0.832, 0.89, 0.588, 0.88, 0.74, 0.89, 0.923, 0.83, 0.585, 0.143, 0.301, 0.396, 0.857, 0.752, 1.0, 0.483, 0.818, 0.541, 0.895, 0.946, 0.378], [0.522, 0.581, 0.469, 0.499, 0.417, 0.353, 0.832, 0.649, 0.563, 0.73, 0.572, 0.252, 0.638, 0.583, 0.698, 0.623, 0.435, 0.646, 0.766, -0.004, 0.783, 0.608, 0.348, 0.483, 1.0, 0.663, 0.701, 0.635, 0.382, 0.635], [0.851, 0.851, 0.872, 0.897, 0.901, 0.891, 0.861, 0.708, 0.936, 0.921, 0.624, 0.671, 0.968, 0.925, 0.921, 0.808, 0.877, 0.868, 0.488, 0.335, 0.754, 0.933, 0.516, 0.818, 0.663, 1.0, 0.839, 0.766, 0.8, 0.549], [0.583, 0.818, 0.651, 0.669, 0.68, 0.686, 0.937, 0.959, 0.897, 0.865, 0.437, 0.68, 0.811, 0.927, 0.826, 0.656, 0.657, 0.961, 0.778, 0.298, 0.869, 0.771, 0.224, 0.541, 0.701, 0.839, 1.0, 0.65, 0.549, 0.734], [0.823, 0.582, 0.896, 0.864, 0.697, 0.71, 0.654, 0.572, 0.747, 0.871, 0.927, 0.599, 0.819, 0.734, 0.917, 0.949, 0.712, 0.648, 0.399, 0.263, 0.522, 0.797, 0.641, 0.895, 0.635, 0.766, 0.65, 1.0, 0.815, 0.51], [0.91, 0.571, 0.928, 0.886, 0.857, 0.902, 0.531, 0.403, 0.804, 0.785, 0.78, 0.702, 0.865, 0.772, 0.846, 0.846, 0.864, 0.585, 0.125, 0.344, 0.327, 0.87, 0.781, 0.946, 0.382, 0.8, 0.549, 0.815, 1.0, 0.364], [0.385, 0.445, 0.433, 0.429, 0.341, 0.402, 0.734, 0.739, 0.543, 0.571, 0.399, 0.273, 0.507, 0.603, 0.61, 0.498, 0.327, 0.599, 0.595, 0.036, 0.613, 0.438, 0.26, 0.378, 0.635, 0.549, 0.734, 0.51, 0.364, 1.0]], "473:CA:SNTL_correlation_delta": [[1.0, 0.168, 0.176, 0.031, 0.236, 0.189, 0.067, -0.062, 0.1, 0.01, 0.091, 0.087, 0.321, 0.139, 0.245, 0.064, 0.047, 0.153, 0.007, -0.198, 0.042, 0.301, 0.217, 0.185, -0.094, 0.273, 0.13, 0.039, 0.155, 0.057], [0.168, 1.0, 0.001, 0.097, 0.159, 0.098, 0.084, 0.016, -0.01, -0.104, -0.123, 0.189, 0.137, 0.173, 0.081, -0.012, 0.203, 0.265, 0.015, 0.006, 0.001, 0.156, 0.001, -0.029, -0.007, 0.003, 0.06, -0.139, 0.075, -0.042], [0.176, 0.001, 1.0, 0.463, 0.153, 0.425, 0.023, 0.106, 0.327, 0.165, 0.139, 0.085, 0.309, 0.169, 0.274, 0.147, 0.137, 0.123, -0.03, -0.046, -0.031, 0.28, -0.049, 0.281, -0.084, 0.103, 0.168, 0.172, 0.255, 0.113], [0.031, 0.097, 0.463, 1.0, 0.144, 0.353, 0.191, 0.036, 0.232, 0.131, 0.034, 0.044, 0.131, 0.21, 0.338, 0.125, 0.214, 0.148, -0.104, -0.01, 0.108, 0.166, -0.144, 0.204, -0.08, 0.137, 0.136, 0.045, -0.044, 0.033], [0.236, 0.159, 0.153, 0.144, 1.0, 0.503, 0.021, -0.011, 0.435, 0.048, -0.102, 0.223, 0.149, 0.262, 0.235, -0.167, 0.368, 0.278, 0.037, 0.238, -0.043, 0.236, 0.065, 0.149, -0.078, 0.17, 0.235, 0.112, 0.18, 0.144], [0.189, 0.098, 0.425, 0.353, 0.503, 1.0, 0.089, 0.067, 0.464, -0.029, -0.076, 0.095, 0.174, 0.316, 0.307, -0.165, 0.17, 0.178, -0.07, -0.05, -0.029, 0.401, -0.016, 0.205, -0.141, 0.158, 0.381, 0.088, 0.294, 0.142], [0.067, 0.084, 0.023, 0.191, 0.021, 0.089, 1.0, 0.094, 0.035, 0.003, 0.02, -0.193, 0.225, 0.096, 0.132, -0.013, 0.061, 0.098, 0.031, -0.018, 0.078, 0.018, 0.147, 0.052, 0.162, 0.309, 0.161, -0.045, 0.056, 0.071], [-0.062, 0.016, 0.106, 0.036, -0.011, 0.067, 0.094, 1.0, 0.184, 0.139, -0.159, 0.15, -0.019, 0.153, 0.03, 0.216, 0.066, 0.128, 0.038, 0.044, -0.025, 0.034, -0.118, 0.014, -0.121, -0.041, 0.262, 0.016, 0.031, 0.154], [0.1, -0.01, 0.327, 0.232, 0.435, 0.464, 0.035, 0.184, 1.0, 0.151, -0.081, 0.474, 0.252, 0.357, 0.328, 0.051, 0.184, 0.265, 0.001, 0.086, -0.001, 0.268, -0.023, 0.173, -0.142, 0.183, 0.355, 0.135, 0.236, 0.013], [0.01, -0.104, 0.165, 0.131, 0.048, -0.029, 0.003, 0.139, 0.151, 1.0, 0.004, 0.151, 0.221, 0.091, 0.142, 0.355, 0.08, 0.1, 0.08, 0.067, 0.024, 0.154, -0.059, 0.212, -0.017, 0.075, 0.009, 0.234, -0.006, -0.119], [0.091, -0.123, 0.139, 0.034, -0.102, -0.076, 0.02, -0.159, -0.081, 0.004, 1.0, -0.144, -0.082, -0.023, 0.209, 0.124, -0.072, -0.034, 0.013, -0.035, 0.076, 0.017, 0.105, 0.234, 0.078, -0.076, -0.03, 0.235, 0.15, 0.096], [0.087, 0.189, 0.085, 0.044, 0.223, 0.095, -0.193, 0.15, 0.474, 0.151, -0.144, 1.0, 0.067, 0.196, 0.146, 0.264, 0.134, 0.28, 0.061, 0.063, -0.117, 0.204, -0.074, 0.04, -0.239, 0.021, 0.117, 0.146, 0.024, -0.209], [0.321, 0.137, 0.309, 0.131, 0.149, 0.174, 0.225, -0.019, 0.252, 0.221, -0.082, 0.067, 1.0, 0.154, 0.173, 0.118, 0.092, 0.119, 0.085, -0.063, 0.091, 0.379, 0.208, 0.303, -0.014, 0.42, 0.078, 0.053, 0.163, -0.015], [0.139, 0.173, 0.169, 0.21, 0.262, 0.316, 0.096, 0.153, 0.357, 0.091, -0.023, 0.196, 0.154, 1.0, 0.226, -0.037, 0.069, 0.518, -0.065, -0.008, 0.057, 0.318, -0.274, 0.12, -0.29, 0.188, 0.424, -0.008, 0.253, 0.078], [0.245, 0.081, 0.274, 0.338, 0.235, 0.307, 0.132, 0.03, 0.328, 0.142, 0.209, 0.146, 0.173, 0.226, 1.0, 0.057, 0.009, 0.155, 0.054, -0.002, 0.027, 0.161, -0.017, 0.311, -0.119, 0.154, 0.271, 0.147, 0.184, 0.078], [0.064, -0.012, 0.147, 0.125, -0.167, -0.165, -0.013, 0.216, 0.051, 0.355, 0.124, 0.264, 0.118, -0.037, 0.057, 1.0, 0.033, -0.011, 0.108, 0.019, -0.088, 0.156, 0.17, 0.285, 0.047, 0.05, -0.08, 0.148, 0.061, -0.151], [0.047, 0.203, 0.137, 0.214, 0.368, 0.17, 0.061, 0.066, 0.184, 0.08, -0.072, 0.134, 0.092, 0.069, 0.009, 0.033, 1.0, 0.024, 0.006, 0.299, -0.069, 0.167, 0.076, 0.078, -0.047, -0.007, 0.139, 0.111, 0.186, 0.089], [0.153, 0.265, 0.123, 0.148, 0.278, 0.178, 0.098, 0.128, 0.265, 0.1, -0.034, 0.28, 0.119, 0.518, 0.155, -0.011, 0.024, 1.0, -0.02, -0.007, 0.141, 0.236, -0.282, 0.028, -0.226, 0.216, 0.368, 0.008, -0.011, -0.083], [0.007, 0.015, -0.03, -0.104, 0.037, -0.07, 0.031, 0.038, 0.001, 0.08, 0.013, 0.061, 0.085, -0.065, 0.054, 0.108, 0.006, -0.02, 1.0, 0.063, 0.12, 0.077, 0.032, -0.045, 0.041, -0.188, -0.003, 0.07, -0.052, -0.148], [-0.198, 0.006, -0.046, -0.01, 0.238, -0.05, -0.018, 0.044, 0.086, 0.067, -0.035, 0.063, -0.063, -0.008, -0.002, 0.019, 0.299, -0.007, 0.063, 1.0, -0.073, -0.142, 0.086, -0.021, 0.063, 0.088, 0.022, 0.074, 0.045, -0.033], [0.042, 0.001, -0.031, 0.108, -0.043, -0.029, 0.078, -0.025, -0.001, 0.024, 0.076, -0.117, 0.091, 0.057, 0.027, -0.088, -0.069, 0.141, 0.12, -0.073, 1.0, -0.054, -0.323, -0.034, -0.104, 0.105, 0.134, 0.035, -0.342, 0.043], [0.301, 0.156, 0.28, 0.166, 0.236, 0.401, 0.018, 0.034, 0.268, 0.154, 0.017, 0.204, 0.379, 0.318, 0.161, 0.156, 0.167, 0.236, 0.077, -0.142, -0.054, 1.0, 0.109, 0.188, -0.021, 0.152, 0.1, 0.071, 0.356, -0.014], [0.217, 0.001, -0.049, -0.144, 0.065, -0.016, 0.147, -0.118, -0.023, -0.059, 0.105, -0.074, 0.208, -0.274, -0.017, 0.17, 0.076, -0.282, 0.032, 0.086, -0.323, 0.109, 1.0, 0.119, 0.457, 0.18, -0.045, -0.012, 0.363, 0.051], [0.185, -0.029, 0.281, 0.204, 0.149, 0.205, 0.052, 0.014, 0.173, 0.212, 0.234, 0.04, 0.303, 0.12, 0.311, 0.285, 0.078, 0.028, -0.045, -0.021, -0.034, 0.188, 0.119, 1.0, 0.065, 0.077, 0.033, 0.294, 0.342, 0.042], [-0.094, -0.007, -0.084, -0.08, -0.078, -0.141, 0.162, -0.121, -0.142, -0.017, 0.078, -0.239, -0.014, -0.29, -0.119, 0.047, -0.047, -0.226, 0.041, 0.063, -0.104, -0.021, 0.457, 0.065, 1.0, 0.028, -0.166, 0.062, 0.056, 0.009], [0.273, 0.003, 0.103, 0.137, 0.17, 0.158, 0.309, -0.041, 0.183, 0.075, -0.076, 0.021, 0.42, 0.188, 0.154, 0.05, -0.007, 0.216, -0.188, 0.088, 0.105, 0.152, 0.18, 0.077, 0.028, 1.0, 0.213, -0.079, -0.014, -0.001], [0.13, 0.06, 0.168, 0.136, 0.235, 0.381, 0.161, 0.262, 0.355, 0.009, -0.03, 0.117, 0.078, 0.424, 0.271, -0.08, 0.139, 0.368, -0.003, 0.022, 0.134, 0.1, -0.045, 0.033, -0.166, 0.213, 1.0, -0.034, 0.093, 0.19], [0.039, -0.139, 0.172, 0.045, 0.112, 0.088, -0.045, 0.016, 0.135, 0.234, 0.235, 0.146, 0.053, -0.008, 0.147, 0.148, 0.111, 0.008, 0.07, 0.074, 0.035, 0.071, -0.012, 0.294, 0.062, -0.079, -0.034, 1.0, 0.115, -0.036], [0.155, 0.075, 0.255, -0.044, 0.18, 0.294, 0.056, 0.031, 0.236, -0.006, 0.15, 0.024, 0.163, 0.253, 0.184, 0.061, 0.186, -0.011, -0.052, 0.045, -0.342, 0.356, 0.363, 0.342, 0.056, -0.014, 0.093, 0.115, 1.0, 0.124], [0.057, -0.042, 0.113, 0.033, 0.144, 0.142, 0.071, 0.154, 0.013, -0.119, 0.096, -0.209, -0.015, 0.078, 0.078, -0.151, 0.089, -0.083, -0.148, -0.033, 0.043, -0.014, 0.051, 0.042, 0.009, -0.001, 0.19, -0.036, 0.124, 1.0]], "473:CA:SNTL_dtw_raw": [[0.0, 15.998, 26.646, 11.116, 20.785, 15.529, 10.136, 10.334, 8.59, 7.382, 11.318, 25.895, 15.55, 10.186, 9.548, 29.483, 26.292, 13.172, 38.288, 54.018, 18.566, 32.304, 15.13, 40.514, 33.437, 9.226, 7.05, 74.641, 7.888, 42.088], [15.998, 0.0, 42.755, 23.583, 15.508, 13.103, 12.482, 12.688, 20.581, 21.358, 10.311, 18.821, 33.044, 12.747, 21.215, 46.583, 17.667, 12.449, 27.529, 41.395, 13.411, 51.676, 11.571, 59.653, 23.886, 12.55, 18.741, 99.947, 12.593, 30.817], [26.646, 42.755, 0.0, 16.25, 54.273, 48.244, 39.761, 37.424, 15.5, 21.425, 41.715, 60.066, 9.327, 39.147, 19.932, 8.921, 59.849, 45.68, 72.533, 90.163, 51.839, 7.03, 48.199, 8.289, 66.666, 37.908, 22.395, 30.507, 24.928, 76.539], [11.116, 23.583, 16.25, 0.0, 32.685, 27.277, 19.771, 17.292, 5.942, 6.934, 21.437, 38.178, 6.63, 18.929, 5.286, 18.493, 37.827, 25.175, 49.527, 66.197, 30.432, 19.247, 27.447, 27.836, 44.334, 17.84, 6.59, 57.557, 6.96, 53.464], [20.785, 15.508, 54.273, 32.685, 0.0, 2.883, 11.394, 14.149, 30.258, 33.862, 5.907, 4.096, 45.563, 9.568, 32.136, 62.15, 2.974, 6.592, 9.633, 22.982, 2.697, 65.918, 3.549, 73.281, 10.154, 12.546, 29.78, 118.894, 14.844, 13.847], [15.529, 13.103, 48.244, 27.277, 2.883, 0.0, 5.857, 9.139, 23.846, 26.804, 3.574, 7.178, 38.815, 5.396, 25.442, 54.609, 5.576, 3.209, 13.065, 25.075, 2.381, 58.982, 3.455, 66.619, 12.565, 7.472, 22.565, 110.109, 11.341, 16.667], [10.136, 12.482, 39.761, 19.771, 11.394, 5.857, 0.0, 4.666, 16.251, 17.295, 3.888, 17.759, 29.488, 3.082, 16.107, 44.302, 17.266, 3.985, 31.506, 51.043, 8.922, 49.311, 6.412, 56.956, 25.669, 4.102, 12.938, 97.271, 7.835, 36.282], [10.334, 12.688, 37.424, 17.292, 14.149, 9.139, 4.666, 0.0, 14.506, 14.662, 6.935, 18.734, 26.808, 4.328, 13.889, 41.654, 17.755, 7.046, 30.006, 46.908, 11.163, 46.233, 9.166, 54.202, 24.296, 5.998, 10.32, 93.371, 7.247, 33.724], [8.59, 20.581, 15.5, 5.942, 30.258, 23.846, 16.251, 14.506, 0.0, 4.589, 17.654, 36.342, 4.255, 15.503, 6.098, 17.432, 36.37, 21.253, 49.553, 66.745, 27.746, 18.366, 23.647, 26.982, 43.805, 14.492, 5.023, 56.922, 6.911, 53.621], [7.382, 21.358, 21.425, 6.934, 33.862, 26.804, 17.295, 14.662, 4.589, 0.0, 19.376, 40.575, 9.343, 16.817, 5.356, 23.926, 40.484, 23.736, 54.965, 73.972, 31.07, 25.688, 26.511, 34.485, 48.576, 14.959, 4.406, 66.895, 4.364, 59.323], [11.318, 10.311, 41.715, 21.437, 5.907, 3.574, 3.888, 6.935, 17.654, 19.376, 0.0, 10.565, 31.63, 3.702, 18.296, 46.45, 9.66, 4.141, 18.441, 34.051, 5.026, 51.304, 3.107, 59.182, 15.93, 3.686, 15.332, 100.218, 7.985, 22.379], [25.895, 18.821, 60.066, 38.178, 4.096, 7.178, 17.759, 18.734, 36.342, 40.575, 10.565, 0.0, 51.998, 14.483, 38.8, 69.47, 5.95, 12.581, 7.29, 13.508, 6.303, 72.127, 5.139, 79.461, 10.39, 17.885, 36.503, 126.878, 19.039, 8.155], [15.55, 33.044, 9.327, 6.63, 45.563, 38.815, 29.488, 26.808, 4.255, 9.343, 31.63, 51.998, 0.0, 28.766, 8.807, 11.857, 51.79, 35.928, 65.187, 82.691, 42.854, 12.05, 38.696, 18.742, 59.155, 27.262, 10.574, 45.746, 13.368, 69.25], [10.186, 12.747, 39.147, 18.929, 9.568, 5.396, 3.082, 4.328, 15.503, 16.817, 3.702, 14.483, 28.766, 0.0, 15.547, 43.484, 14.026, 4.329, 26.32, 43.5, 7.885, 48.346, 6.118, 56.206, 21.445, 5.699, 12.393, 96.383, 6.997, 30.648], [9.548, 21.215, 19.932, 5.286, 32.136, 25.442, 16.107, 13.889, 6.098, 5.356, 18.296, 38.8, 8.807, 15.547, 0.0, 22.574, 38.535, 22.605, 53.427, 73.406, 29.377, 24.384, 25.459, 33.141, 46.752, 14.294, 5.384, 65.119, 6.086, 58.069], [29.483, 46.583, 8.921, 18.493, 62.15, 54.609, 44.302, 41.654, 17.432, 23.926, 46.45, 69.47, 11.857, 43.484, 22.574, 0.0, 69.195, 51.428, 84.51, 104.837, 59.162, 8.249, 54.424, 8.331, 77.343, 42.054, 24.885, 23.644, 27.853, 89.095], [26.292, 17.667, 59.849, 37.827, 2.974, 5.576, 17.266, 17.755, 36.37, 40.484, 9.66, 5.95, 51.79, 14.026, 38.535, 69.195, 0.0, 12.139, 5.188, 16.733, 5.429, 72.385, 5.409, 79.42, 8.277, 17.759, 36.653, 126.873, 18.144, 9.007], [13.172, 12.449, 45.68, 25.175, 6.592, 3.209, 3.985, 7.046, 21.253, 23.736, 4.141, 12.581, 35.928, 4.329, 22.605, 51.428, 12.139, 0.0, 25.496, 42.68, 5.193, 56.054, 3.493, 63.697, 20.862, 6.818, 19.463, 106.254, 10.304, 29.945], [38.288, 27.529, 72.533, 49.527, 9.633, 13.065, 31.506, 30.006, 49.553, 54.965, 18.441, 7.29, 65.187, 26.32, 53.427, 84.51, 5.188, 25.496, 0.0, 9.205, 14.988, 85.632, 10.72, 92.475, 9.343, 29.275, 50.956, 143.681, 26.668, 6.009], [54.018, 41.395, 90.163, 66.197, 22.982, 25.075, 51.043, 46.908, 66.745, 73.972, 34.051, 13.508, 82.691, 43.5, 73.406, 104.837, 16.733, 42.68, 9.205, 0.0, 29.908, 102.558, 19.602, 109.4, 19.189, 46.459, 69.314, 165.046, 40.191, 9.046], [18.566, 13.411, 51.839, 30.432, 2.697, 2.381, 8.922, 11.163, 27.746, 31.07, 5.026, 6.303, 42.854, 7.885, 29.377, 59.162, 5.429, 5.193, 14.988, 29.908, 0.0, 63.158, 4.065, 70.623, 12.538, 10.386, 27.024, 115.402, 13.43, 18.81], [32.304, 51.676, 7.03, 19.247, 65.918, 58.982, 49.311, 46.233, 18.366, 25.688, 51.304, 72.127, 12.05, 48.346, 24.384, 8.249, 72.385, 56.054, 85.632, 102.558, 63.158, 0.0, 58.718, 6.553, 79.462, 46.717, 26.806, 23.181, 30.579, 89.571], [15.13, 11.571, 48.199, 27.447, 3.549, 3.455, 6.412, 9.166, 23.647, 26.511, 3.107, 5.139, 38.696, 6.118, 25.459, 54.424, 5.409, 3.493, 10.72, 19.602, 4.065, 58.718, 0.0, 66.477, 12.095, 7.516, 22.287, 109.838, 11.535, 13.549], [40.514, 59.653, 8.289, 27.836, 73.281, 66.619, 56.956, 54.202, 26.982, 34.485, 59.182, 79.461, 18.742, 56.206, 33.141, 8.331, 79.42, 63.697, 92.475, 109.4, 70.623, 6.553, 66.477, 0.0, 86.418, 54.742, 35.971, 18.244, 39.179, 96.391], [33.437, 23.886, 66.666, 44.334, 10.154, 12.565, 25.669, 24.296, 43.805, 48.576, 15.93, 10.39, 59.155, 21.445, 46.752, 77.343, 8.277, 20.862, 9.343, 19.189, 12.538, 79.462, 12.095, 86.418, 0.0, 24.847, 44.427, 135.63, 23.783, 7.833], [9.226, 12.55, 37.908, 17.84, 12.546, 7.472, 4.102, 5.998, 14.492, 14.959, 3.686, 17.885, 27.262, 5.699, 14.294, 42.054, 17.759, 6.818, 29.275, 46.459, 10.386, 46.717, 7.516, 54.742, 24.847, 0.0, 11.521, 94.269, 6.756, 33.442], [7.05, 18.741, 22.395, 6.59, 29.78, 22.565, 12.938, 10.32, 5.023, 4.406, 15.332, 36.503, 10.574, 12.393, 5.384, 24.885, 36.653, 19.463, 50.956, 69.314, 27.024, 26.806, 22.287, 35.971, 44.427, 11.521, 0.0, 68.748, 4.007, 55.158], [74.641, 99.947, 30.507, 57.557, 118.894, 110.109, 97.271, 93.371, 56.922, 66.895, 100.218, 126.878, 45.746, 96.383, 65.119, 23.644, 126.873, 106.254, 143.681, 165.046, 115.402, 23.181, 109.838, 18.244, 135.63, 94.269, 68.748, 0.0, 73.449, 148.538], [7.888, 12.593, 24.928, 6.96, 14.844, 11.341, 7.835, 7.247, 6.911, 4.364, 7.985, 19.039, 13.368, 6.997, 6.086, 27.853, 18.144, 10.304, 26.668, 40.191, 13.43, 30.579, 11.535, 39.179, 23.783, 6.756, 4.007, 73.449, 0.0, 30.031], [42.088, 30.817, 76.539, 53.464, 13.847, 16.667, 36.282, 33.724, 53.621, 59.323, 22.379, 8.155, 69.25, 30.648, 58.069, 89.095, 9.007, 29.945, 6.009, 9.046, 18.81, 89.571, 13.549, 96.391, 7.833, 33.442, 55.158, 148.538, 30.031, 0.0]], "473:CA:SNTL_dtw_delta": [[0.0, 3.543, 2.614, 2.359, 2.536, 2.581, 2.46, 2.929, 2.305, 2.406, 2.324, 2.698, 2.442, 2.704, 2.426, 2.931, 2.608, 2.443, 2.771, 3.432, 2.584, 2.85, 2.298, 2.58, 2.511, 2.564, 2.756, 3.251, 2.452, 2.514], [3.543, 0.0, 3.567, 3.642, 4.049, 4.193, 3.929, 3.371, 3.803, 3.582, 3.803, 3.614, 3.809, 3.553, 3.824, 4.266, 3.984, 3.905, 3.689, 4.758, 3.958, 3.912, 3.705, 4.262, 3.945, 3.899, 3.496, 4.331, 3.702, 3.424], [2.614, 3.567, 0.0, 2.295, 2.643, 2.598, 2.67, 3.032, 2.401, 2.521, 2.281, 2.691, 2.396, 2.299, 2.221, 3.082, 2.526, 2.349, 2.541, 3.198, 2.338, 3.169, 2.355, 2.497, 2.525, 2.439, 2.597, 3.521, 2.336, 2.552], [2.359, 3.642, 2.295, 0.0, 2.635, 2.77, 2.463, 2.98, 2.366, 2.1, 2.303, 2.481, 2.433, 2.385, 2.371, 2.771, 2.549, 2.102, 2.403, 3.613, 2.313, 3.018, 2.172, 2.584, 2.394, 2.153, 2.365, 3.367, 2.228, 2.348], [2.536, 4.049, 2.643, 2.635, 0.0, 1.301, 1.636, 2.525, 1.905, 2.302, 1.911, 1.316, 1.649, 1.928, 2.419, 3.823, 1.633, 1.515, 1.584, 1.444, 1.775, 3.421, 1.409, 2.51, 1.928, 1.681, 2.097, 4.132, 2.207, 2.059], [2.581, 4.193, 2.598, 2.77, 1.301, 0.0, 1.862, 2.556, 1.958, 2.37, 1.835, 1.603, 1.844, 2.044, 2.353, 3.702, 1.626, 1.631, 1.459, 1.481, 1.473, 3.544, 1.582, 2.299, 2.071, 1.782, 2.149, 3.968, 2.474, 2.13], [2.46, 3.929, 2.67, 2.463, 1.636, 1.862, 0.0, 1.992, 2.131, 2.391, 2.034, 1.79, 1.908, 1.744, 2.072, 3.603, 1.705, 1.86, 1.941, 2.218, 2.021, 3.196, 1.945, 2.578, 1.992, 1.973, 2.269, 3.734, 2.429, 2.021], [2.929, 3.371, 3.032, 2.98, 2.525, 2.556, 1.992, 0.0, 2.509, 2.922, 2.757, 2.214, 2.623, 2.316, 2.694, 4.096, 2.397, 2.517, 2.464, 3.003, 2.531, 3.363, 2.466, 3.149, 2.362, 2.665, 2.229, 4.193, 2.745, 2.162], [2.305, 3.803, 2.401, 2.366, 1.905, 1.958, 2.131, 2.509, 0.0, 2.21, 1.903, 1.871, 1.945, 2.071, 2.371, 3.017, 2.11, 1.878, 2.08, 2.732, 2.077, 2.923, 1.615, 1.915, 2.059, 1.923, 2.166, 3.28, 2.109, 2.334], [2.406, 3.582, 2.521, 2.1, 2.302, 2.37, 2.391, 2.922, 2.21, 0.0, 2.398, 2.332, 2.09, 2.574, 2.399, 3.012, 2.477, 1.924, 2.377, 3.051, 2.431, 2.88, 2.116, 2.349, 2.377, 1.79, 2.015, 3.403, 2.248, 2.412], [2.324, 3.803, 2.281, 2.303, 1.911, 1.835, 2.034, 2.757, 1.903, 2.398, 0.0, 2.05, 2.106, 1.874, 1.988, 3.372, 1.942, 2.057, 2.067, 2.386, 1.904, 3.213, 2.037, 2.462, 1.982, 2.059, 2.185, 3.698, 2.505, 2.116], [2.698, 3.614, 2.691, 2.481, 1.316, 1.603, 1.79, 2.214, 1.871, 2.332, 2.05, 0.0, 2.057, 1.92, 2.397, 4.022, 1.694, 1.702, 1.306, 1.613, 1.86, 3.737, 1.377, 2.635, 1.743, 1.568, 2.296, 4.219, 1.903, 2.074], [2.442, 3.809, 2.396, 2.433, 1.649, 1.844, 1.908, 2.623, 1.945, 2.09, 2.106, 2.057, 0.0, 2.138, 2.284, 3.286, 2.085, 1.677, 2.162, 2.547, 2.197, 2.827, 1.553, 2.062, 2.422, 1.639, 2.021, 3.348, 2.273, 2.562], [2.704, 3.553, 2.299, 2.385, 1.928, 2.044, 1.744, 2.316, 2.071, 2.574, 1.874, 1.92, 2.138, 0.0, 2.186, 3.584, 1.562, 2.044, 1.834, 2.479, 1.911, 3.503, 1.943, 2.664, 1.767, 2.119, 2.244, 3.991, 2.251, 1.964], [2.426, 3.824, 2.221, 2.371, 2.419, 2.353, 2.072, 2.694, 2.371, 2.399, 1.988, 2.397, 2.284, 2.186, 0.0, 3.111, 1.926, 2.021, 2.118, 3.012, 1.954, 3.311, 2.331, 2.543, 2.212, 2.203, 2.346, 3.291, 2.654, 2.323], [2.931, 4.266, 3.082, 2.771, 3.823, 3.702, 3.603, 4.096, 3.017, 3.012, 3.372, 4.022, 3.286, 3.584, 3.111, 0.0, 3.758, 3.1, 3.814, 4.846, 3.408, 3.053, 3.292, 2.954, 3.34, 3.217, 3.689, 3.53, 3.234, 3.636], [2.608, 3.984, 2.526, 2.549, 1.633, 1.626, 1.705, 2.397, 2.11, 2.477, 1.942, 1.694, 2.085, 1.562, 1.926, 3.758, 0.0, 1.772, 1.491, 1.839, 1.641, 3.553, 1.678, 2.804, 1.675, 2.01, 2.07, 4.357, 2.274, 1.912], [2.443, 3.905, 2.349, 2.102, 1.515, 1.631, 1.86, 2.517, 1.878, 1.924, 2.057, 1.702, 1.677, 2.044, 2.021, 3.1, 1.772, 0.0, 1.737, 2.105, 1.897, 3.229, 1.553, 1.925, 1.737, 1.453, 1.941, 3.634, 1.995, 2.28], [2.771, 3.689, 2.541, 2.403, 1.584, 1.459, 1.941, 2.464, 2.08, 2.377, 2.067, 1.306, 2.162, 1.834, 2.118, 3.814, 1.491, 1.737, 0.0, 1.434, 1.543, 3.745, 1.646, 2.703, 1.968, 1.788, 2.294, 4.291, 2.034, 1.839], [3.432, 4.758, 3.198, 3.613, 1.444, 1.481, 2.218, 3.003, 2.732, 3.051, 2.386, 1.613, 2.547, 2.479, 3.012, 4.846, 1.839, 2.105, 1.434, 0.0, 1.967, 4.409, 2.195, 3.403, 2.24, 2.238, 2.88, 5.18, 2.874, 2.471], [2.584, 3.958, 2.338, 2.313, 1.775, 1.473, 2.021, 2.531, 2.077, 2.431, 1.904, 1.86, 2.197, 1.911, 1.954, 3.408, 1.641, 1.897, 1.543, 1.967, 0.0, 3.385, 1.954, 2.602, 1.921, 2.049, 2.134, 3.912, 2.369, 2.051], [2.85, 3.912, 3.169, 3.018, 3.421, 3.544, 3.196, 3.363, 2.923, 2.88, 3.213, 3.737, 2.827, 3.503, 3.311, 3.053, 3.553, 3.229, 3.745, 4.409, 3.385, 0.0, 3.251, 2.948, 3.643, 3.156, 2.975, 3.013, 3.192, 3.581], [2.298, 3.705, 2.355, 2.172, 1.409, 1.582, 1.945, 2.466, 1.615, 2.116, 2.037, 1.377, 1.553, 1.943, 2.331, 3.292, 1.678, 1.553, 1.646, 2.195, 1.954, 3.251, 0.0, 2.235, 1.75, 1.538, 1.633, 3.854, 1.698, 1.979], [2.58, 4.262, 2.497, 2.584, 2.51, 2.299, 2.578, 3.149, 1.915, 2.349, 2.462, 2.635, 2.062, 2.664, 2.543, 2.954, 2.804, 1.925, 2.703, 3.403, 2.602, 2.948, 2.235, 0.0, 2.829, 2.083, 2.632, 3.158, 2.46, 2.9], [2.511, 3.945, 2.525, 2.394, 1.928, 2.071, 1.992, 2.362, 2.059, 2.377, 1.982, 1.743, 2.422, 1.767, 2.212, 3.34, 1.675, 1.737, 1.968, 2.24, 1.921, 3.643, 1.75, 2.829, 0.0, 1.894, 2.487, 4.098, 2.177, 1.727], [2.564, 3.899, 2.439, 2.153, 1.681, 1.782, 1.973, 2.665, 1.923, 1.79, 2.059, 1.568, 1.639, 2.119, 2.203, 3.217, 2.01, 1.453, 1.788, 2.238, 2.049, 3.156, 1.538, 2.083, 1.894, 0.0, 2.139, 3.628, 2.019, 2.297], [2.756, 3.496, 2.597, 2.365, 2.097, 2.149, 2.269, 2.229, 2.166, 2.015, 2.185, 2.296, 2.021, 2.244, 2.346, 3.689, 2.07, 1.941, 2.294, 2.88, 2.134, 2.975, 1.633, 2.632, 2.487, 2.139, 0.0, 3.942, 2.457, 2.106], [3.251, 4.331, 3.521, 3.367, 4.132, 3.968, 3.734, 4.193, 3.28, 3.403, 3.698, 4.219, 3.348, 3.991, 3.291, 3.53, 4.357, 3.634, 4.291, 5.18, 3.912, 3.013, 3.854, 3.158, 4.098, 3.628, 3.942, 0.0, 3.814, 3.919], [2.452, 3.702, 2.336, 2.228, 2.207, 2.474, 2.429, 2.745, 2.109, 2.248, 2.505, 1.903, 2.273, 2.251, 2.654, 3.234, 2.274, 1.995, 2.034, 2.874, 2.369, 3.192, 1.698, 2.46, 2.177, 2.019, 2.457, 3.814, 0.0, 2.404], [2.514, 3.424, 2.552, 2.348, 2.059, 2.13, 2.021, 2.162, 2.334, 2.412, 2.116, 2.074, 2.562, 1.964, 2.323, 3.636, 1.912, 2.28, 1.839, 2.471, 2.051, 3.581, 1.979, 2.9, 1.727, 2.297, 2.106, 3.919, 2.404, 0.0]], "473:CA:SNTL_fft_raw": [[1.0, 0.98, 0.975, 0.973, 0.983, 0.975, 0.952, 0.981, 0.981, 0.939, 0.957, 0.885, 0.967, 0.966, 0.946, 0.959, 0.986, 0.976, 0.987, 0.641, 0.978, 0.98, 0.911, 0.972, 0.934, 0.967, 0.959, 0.936, 0.977, 0.891], [0.98, 1.0, 0.959, 0.966, 0.976, 0.981, 0.935, 0.98, 0.975, 0.915, 0.968, 0.916, 0.951, 0.969, 0.932, 0.954, 0.977, 0.966, 0.976, 0.725, 0.973, 0.95, 0.931, 0.958, 0.943, 0.958, 0.955, 0.926, 0.973, 0.921], [0.975, 0.959, 1.0, 0.994, 0.97, 0.964, 0.978, 0.98, 0.984, 0.971, 0.973, 0.806, 0.993, 0.975, 0.977, 0.987, 0.964, 0.982, 0.968, 0.538, 0.994, 0.986, 0.857, 0.995, 0.907, 0.995, 0.98, 0.981, 0.975, 0.875], [0.973, 0.966, 0.994, 1.0, 0.966, 0.963, 0.976, 0.981, 0.979, 0.97, 0.968, 0.816, 0.993, 0.976, 0.979, 0.984, 0.964, 0.982, 0.977, 0.578, 0.993, 0.982, 0.86, 0.992, 0.909, 0.995, 0.976, 0.975, 0.974, 0.899], [0.983, 0.976, 0.97, 0.966, 1.0, 0.986, 0.919, 0.963, 0.96, 0.907, 0.949, 0.844, 0.96, 0.944, 0.917, 0.949, 0.995, 0.957, 0.984, 0.623, 0.976, 0.966, 0.924, 0.975, 0.888, 0.964, 0.938, 0.918, 0.981, 0.882], [0.975, 0.981, 0.964, 0.963, 0.986, 1.0, 0.918, 0.973, 0.967, 0.893, 0.975, 0.88, 0.947, 0.957, 0.912, 0.95, 0.976, 0.952, 0.98, 0.679, 0.972, 0.955, 0.959, 0.963, 0.924, 0.959, 0.942, 0.922, 0.993, 0.903], [0.952, 0.935, 0.978, 0.976, 0.919, 0.918, 1.0, 0.971, 0.974, 0.99, 0.962, 0.812, 0.98, 0.978, 0.994, 0.976, 0.921, 0.972, 0.931, 0.536, 0.969, 0.964, 0.8, 0.965, 0.928, 0.978, 0.984, 0.986, 0.935, 0.867], [0.981, 0.98, 0.98, 0.981, 0.963, 0.973, 0.971, 1.0, 0.996, 0.953, 0.987, 0.87, 0.979, 0.995, 0.961, 0.964, 0.962, 0.993, 0.972, 0.628, 0.987, 0.982, 0.896, 0.979, 0.951, 0.973, 0.987, 0.956, 0.982, 0.881], [0.981, 0.975, 0.984, 0.979, 0.96, 0.967, 0.974, 0.996, 1.0, 0.962, 0.987, 0.865, 0.98, 0.994, 0.964, 0.969, 0.957, 0.991, 0.963, 0.607, 0.987, 0.981, 0.884, 0.978, 0.949, 0.975, 0.991, 0.963, 0.978, 0.873], [0.939, 0.915, 0.971, 0.97, 0.907, 0.893, 0.99, 0.953, 0.962, 1.0, 0.935, 0.768, 0.98, 0.962, 0.988, 0.965, 0.913, 0.965, 0.919, 0.472, 0.959, 0.959, 0.757, 0.963, 0.893, 0.973, 0.979, 0.979, 0.913, 0.832], [0.957, 0.968, 0.973, 0.968, 0.949, 0.975, 0.962, 0.987, 0.987, 0.935, 1.0, 0.868, 0.962, 0.989, 0.95, 0.965, 0.937, 0.968, 0.949, 0.635, 0.976, 0.957, 0.907, 0.963, 0.955, 0.969, 0.979, 0.962, 0.98, 0.886], [0.885, 0.916, 0.806, 0.816, 0.844, 0.88, 0.812, 0.87, 0.865, 0.768, 0.868, 1.0, 0.782, 0.858, 0.799, 0.823, 0.848, 0.826, 0.86, 0.863, 0.823, 0.796, 0.915, 0.784, 0.94, 0.805, 0.823, 0.786, 0.855, 0.89], [0.967, 0.951, 0.993, 0.993, 0.96, 0.947, 0.98, 0.979, 0.98, 0.98, 0.962, 0.782, 1.0, 0.979, 0.977, 0.973, 0.958, 0.989, 0.963, 0.513, 0.992, 0.99, 0.829, 0.996, 0.893, 0.99, 0.986, 0.972, 0.965, 0.857], [0.966, 0.969, 0.975, 0.976, 0.944, 0.957, 0.978, 0.995, 0.994, 0.962, 0.989, 0.858, 0.979, 1.0, 0.965, 0.96, 0.941, 0.989, 0.954, 0.609, 0.981, 0.973, 0.872, 0.972, 0.95, 0.971, 0.995, 0.961, 0.971, 0.873], [0.946, 0.932, 0.977, 0.979, 0.917, 0.912, 0.994, 0.961, 0.964, 0.988, 0.95, 0.799, 0.977, 0.965, 1.0, 0.984, 0.921, 0.965, 0.93, 0.536, 0.966, 0.959, 0.787, 0.965, 0.919, 0.983, 0.973, 0.991, 0.926, 0.873], [0.959, 0.954, 0.987, 0.984, 0.949, 0.95, 0.976, 0.964, 0.969, 0.965, 0.965, 0.823, 0.973, 0.96, 0.984, 1.0, 0.947, 0.96, 0.948, 0.585, 0.977, 0.959, 0.845, 0.972, 0.922, 0.991, 0.963, 0.991, 0.952, 0.904], [0.986, 0.977, 0.964, 0.964, 0.995, 0.976, 0.921, 0.962, 0.957, 0.913, 0.937, 0.848, 0.958, 0.941, 0.921, 0.947, 1.0, 0.959, 0.985, 0.634, 0.971, 0.964, 0.911, 0.971, 0.891, 0.961, 0.937, 0.914, 0.968, 0.879], [0.976, 0.966, 0.982, 0.982, 0.957, 0.952, 0.972, 0.993, 0.991, 0.965, 0.968, 0.826, 0.989, 0.989, 0.965, 0.96, 0.959, 1.0, 0.966, 0.571, 0.988, 0.991, 0.853, 0.985, 0.922, 0.973, 0.987, 0.954, 0.97, 0.857], [0.987, 0.976, 0.968, 0.977, 0.984, 0.98, 0.931, 0.972, 0.963, 0.919, 0.949, 0.86, 0.963, 0.954, 0.93, 0.948, 0.985, 0.966, 1.0, 0.661, 0.976, 0.973, 0.924, 0.972, 0.907, 0.964, 0.941, 0.92, 0.984, 0.912], [0.641, 0.725, 0.538, 0.578, 0.623, 0.679, 0.536, 0.628, 0.607, 0.472, 0.635, 0.863, 0.513, 0.609, 0.536, 0.585, 0.634, 0.571, 0.661, 1.0, 0.589, 0.522, 0.785, 0.521, 0.729, 0.552, 0.547, 0.516, 0.638, 0.824], [0.978, 0.973, 0.994, 0.993, 0.976, 0.972, 0.969, 0.987, 0.987, 0.959, 0.976, 0.823, 0.992, 0.981, 0.966, 0.977, 0.971, 0.988, 0.976, 0.589, 1.0, 0.985, 0.874, 0.993, 0.907, 0.987, 0.98, 0.964, 0.983, 0.894], [0.98, 0.95, 0.986, 0.982, 0.966, 0.955, 0.964, 0.982, 0.981, 0.959, 0.957, 0.796, 0.99, 0.973, 0.959, 0.959, 0.964, 0.991, 0.973, 0.522, 0.985, 1.0, 0.855, 0.99, 0.902, 0.976, 0.973, 0.951, 0.974, 0.839], [0.911, 0.931, 0.857, 0.86, 0.924, 0.959, 0.8, 0.896, 0.884, 0.757, 0.907, 0.915, 0.829, 0.872, 0.787, 0.845, 0.911, 0.853, 0.924, 0.785, 0.874, 0.855, 1.0, 0.854, 0.895, 0.852, 0.835, 0.8, 0.939, 0.874], [0.972, 0.958, 0.995, 0.992, 0.975, 0.963, 0.965, 0.979, 0.978, 0.963, 0.963, 0.784, 0.996, 0.972, 0.965, 0.972, 0.971, 0.985, 0.972, 0.521, 0.993, 0.99, 0.854, 1.0, 0.888, 0.99, 0.977, 0.964, 0.975, 0.856], [0.934, 0.943, 0.907, 0.909, 0.888, 0.924, 0.928, 0.951, 0.949, 0.893, 0.955, 0.94, 0.893, 0.95, 0.919, 0.922, 0.891, 0.922, 0.907, 0.729, 0.907, 0.902, 0.895, 0.888, 1.0, 0.911, 0.932, 0.916, 0.92, 0.88], [0.967, 0.958, 0.995, 0.995, 0.964, 0.959, 0.978, 0.973, 0.975, 0.973, 0.969, 0.805, 0.99, 0.971, 0.983, 0.991, 0.961, 0.973, 0.964, 0.552, 0.987, 0.976, 0.852, 0.99, 0.911, 1.0, 0.975, 0.987, 0.966, 0.887], [0.959, 0.955, 0.98, 0.976, 0.938, 0.942, 0.984, 0.987, 0.991, 0.979, 0.979, 0.823, 0.986, 0.995, 0.973, 0.963, 0.937, 0.987, 0.941, 0.547, 0.98, 0.973, 0.835, 0.977, 0.932, 0.975, 1.0, 0.97, 0.957, 0.846], [0.936, 0.926, 0.981, 0.975, 0.918, 0.922, 0.986, 0.956, 0.963, 0.979, 0.962, 0.786, 0.972, 0.961, 0.991, 0.991, 0.914, 0.954, 0.92, 0.516, 0.964, 0.951, 0.8, 0.964, 0.916, 0.987, 0.97, 1.0, 0.932, 0.865], [0.977, 0.973, 0.975, 0.974, 0.981, 0.993, 0.935, 0.982, 0.978, 0.913, 0.98, 0.855, 0.965, 0.971, 0.926, 0.952, 0.968, 0.97, 0.984, 0.638, 0.983, 0.974, 0.939, 0.975, 0.92, 0.966, 0.957, 0.932, 1.0, 0.893], [0.891, 0.921, 0.875, 0.899, 0.882, 0.903, 0.867, 0.881, 0.873, 0.832, 0.886, 0.89, 0.857, 0.873, 0.873, 0.904, 0.879, 0.857, 0.912, 0.824, 0.894, 0.839, 0.874, 0.856, 0.88, 0.887, 0.846, 0.865, 0.893, 1.0]], "473:CA:SNTL_fft_delta": [[1.0, 0.9, 0.869, 0.818, 0.934, 0.927, 0.901, 0.892, 0.914, 0.833, 0.805, 0.884, 0.803, 0.835, 0.867, 0.9, 0.935, 0.856, 0.885, 0.744, 0.886, 0.851, 0.885, 0.797, 0.88, 0.815, 0.796, 0.822, 0.856, 0.711], [0.9, 1.0, 0.8, 0.886, 0.888, 0.902, 0.87, 0.924, 0.886, 0.798, 0.851, 0.919, 0.826, 0.903, 0.926, 0.917, 0.899, 0.89, 0.878, 0.839, 0.9, 0.745, 0.883, 0.792, 0.894, 0.852, 0.825, 0.828, 0.833, 0.772], [0.869, 0.8, 1.0, 0.837, 0.912, 0.909, 0.853, 0.841, 0.91, 0.862, 0.865, 0.707, 0.903, 0.821, 0.814, 0.893, 0.806, 0.816, 0.769, 0.5, 0.922, 0.875, 0.792, 0.941, 0.705, 0.885, 0.858, 0.936, 0.885, 0.568], [0.818, 0.886, 0.837, 1.0, 0.814, 0.891, 0.883, 0.876, 0.787, 0.848, 0.823, 0.763, 0.914, 0.874, 0.929, 0.877, 0.81, 0.847, 0.943, 0.751, 0.902, 0.791, 0.853, 0.867, 0.76