<!DOCTYPE html>
<html lang="en">
<head>
    <meta charset="UTF-8">
    <meta name="viewport" content="width=device-width, initial-scale=1.0">
    <title>Water Year Similarity Matrix Dashboard</title>
    <script src="https://cdn.plot.ly/plotly-2.27.0.min.js"></script>
    <style>
        * {
            box-sizing: border-box;
            margin: 0;
            padding: 0;
        }
        body {
            font-family: 'Segoe UI', Tahoma, Geneva, Verdana, sans-serif;
            background: linear-gradient(135deg, #1a1a2e 0%, #16213e 100%);
            color: #e0e0e0;
            min-height: 100vh;
            padding: 20px;
        }
        .container {
            max-width: 1400px;
            margin: 0 auto;
        }
        h1 {
            text-align: center;
            margin-bottom: 10px;
            font-size: 2rem;
            color: #4fc3f7;
            text-shadow: 0 0 20px rgba(79, 195, 247, 0.3);
        }
        .subtitle {
            text-align: center;
            color: #90a4ae;
            margin-bottom: 25px;
            font-size: 0.95rem;
        }
        .controls {
            display: flex;
            gap: 20px;
            justify-content: center;
            flex-wrap: wrap;
            margin-bottom: 25px;
            padding: 20px;
            background: rgba(255, 255, 255, 0.05);
            border-radius: 12px;
            backdrop-filter: blur(10px);
        }
        .control-group {
            display: flex;
            flex-direction: column;
            gap: 6px;
        }
        .control-group label {
            font-size: 0.85rem;
            color: #90a4ae;
            text-transform: uppercase;
            letter-spacing: 0.5px;
        }
        select {
            padding: 10px 15px;
            font-size: 1rem;
            border: 1px solid #37474f;
            border-radius: 8px;
            background: #263238;
            color: #e0e0e0;
            cursor: pointer;
            min-width: 200px;
            transition: all 0.2s;
        }
        select:hover {
            border-color: #4fc3f7;
        }
        select:focus {
            outline: none;
            border-color: #4fc3f7;
            box-shadow: 0 0 0 3px rgba(79, 195, 247, 0.2);
        }
        .toggle-group {
            display: flex;
            gap: 10px;
            align-items: center;
        }
        .toggle-btn {
            padding: 10px 20px;
            border: 1px solid #37474f;
            border-radius: 8px;
            background: #263238;
            color: #90a4ae;
            cursor: pointer;
            transition: all 0.2s;
            font-size: 0.95rem;
        }
        .toggle-btn:hover {
            border-color: #4fc3f7;
        }
        .toggle-btn.active {
            background: linear-gradient(135deg, #4fc3f7 0%, #29b6f6 100%);
            color: #1a1a2e;
            border-color: transparent;
            font-weight: 600;
        }
        #heatmap {
            background: rgba(255, 255, 255, 0.02);
            border-radius: 12px;
            padding: 15px;
            margin-bottom: 20px;
        }
        .stats {
            display: grid;
            grid-template-columns: repeat(auto-fit, minmax(280px, 1fr));
            gap: 15px;
            margin-top: 20px;
        }
        .stat-card {
            background: rgba(255, 255, 255, 0.05);
            border-radius: 10px;
            padding: 18px;
            border: 1px solid rgba(255, 255, 255, 0.1);
        }
        .stat-card h3 {
            font-size: 0.85rem;
            color: #90a4ae;
            margin-bottom: 10px;
            text-transform: uppercase;
            letter-spacing: 0.5px;
        }
        .stat-value {
            font-size: 1.1rem;
            color: #4fc3f7;
        }
        .stat-detail {
            font-size: 0.9rem;
            color: #b0bec5;
            margin-top: 4px;
        }
        .loading {
            text-align: center;
            padding: 60px;
            color: #90a4ae;
        }
        .method-info {
            background: rgba(79, 195, 247, 0.1);
            border-left: 3px solid #4fc3f7;
            padding: 12px 15px;
            margin-bottom: 20px;
            border-radius: 0 8px 8px 0;
            font-size: 0.9rem;
        }
    </style>
</head>
<body>
    <div class="container">
        <h1>🏔️ Water Year Similarity Matrix</h1>
        <p class="subtitle">Compare similarity between water years across SNOTEL stations</p>
        
        <div class="controls">
            <div class="control-group">
                <label>Station</label>
                <select id="stationSelect"></select>
            </div>
            <div class="control-group">
                <label>Method</label>
                <select id="methodSelect">
                    <option value="correlation">Correlation</option>
                    <option value="dtw">Dynamic Time Warping (DTW)</option>
                    <option value="fft">FFT Spectral</option>
                    <option value="edm">Empirical Dynamic Modeling</option>
                </select>
            </div>
            <div class="control-group">
                <label>Data Type</label>
                <div class="toggle-group">
                    <button class="toggle-btn active" data-value="raw" onclick="setDataType('raw')">Raw SWE</button>
                    <button class="toggle-btn" data-value="delta" onclick="setDataType('delta')">Δ SWE</button>
                </div>
            </div>
        </div>
        
        <div class="method-info" id="methodInfo"></div>
        
        <div id="heatmap">
            <div class="loading">Loading data...</div>
        </div>
        
        <div class="stats" id="stats"></div>
    </div>
    
    <script>
        // Data from Python
        const stationData = {"473:CA:SNTL": {"name": "Fallen Leaf", "state": "CA", "years": [1996, 1997, 1998, 1999, 2000, 2001, 2002, 2003, 2004, 2005, 2006, 2007, 2008, 2009, 2010, 2011, 2012, 2013, 2014, 2015, 2016, 2017, 2018, 2019, 2020, 2021, 2022, 2023, 2024, 2025], "matrices": {"correlation_raw": [[1.0, 0.7016431576848001, 0.888008188479886, 0.8845946185673758, 0.8724287259053476, 0.8418089555535856, 0.5997217430733575, 0.417644756974419, 0.7804488467007309, 0.8098720702786977, 0.8167581062974767, 0.62051853361227, 0.8914369362099922, 0.7520180833918764, 0.884696886830127, 0.8442588935349529, 0.8946584694109254, 0.6284631340646124, 0.2537613090371559, 0.26850832386094736, 0.45402142442484217, 0.887726647489407, 0.7748971348847287, 0.927340947523984, 0.5215435290590102, 0.8512709568142359, 0.5829280068324578, 0.8231314547825861, 0.910258222020332, 0.3847141535588513], [0.7016431576848001, 1.0, 0.6774157938169456, 0.7451496767886077, 0.8163681644026484, 0.7483678731321015, 0.8028120415205456, 0.7269486711568596, 0.8300826125028387, 0.8005190534488934, 0.42060856624914056, 0.6079369639579302, 0.8269083078481914, 0.8435886748166967, 0.7838834114479677, 0.5923280161578282, 0.8133164226844944, 0.8848216323528411, 0.565919148721709, 0.3289715645385092, 0.8007913389737674, 0.8165912173650439, 0.21168216039496007, 0.5979029106510941, 0.5813631488478229, 0.8508366287759623, 0.8175532484799726, 0.5820410117075117, 0.5713177619793985, 0.44459905820779644], [0.888008188479886, 0.6774157938169456, 1.0, 0.9776221073863787, 0.8664561330561164, 0.9104891750126918, 0.6429208040309168, 0.5285270422771902, 0.8454453349894447, 0.8727170456052399, 0.8159725149687386, 0.6658769081551426, 0.9114809148783471, 0.8261285590064733, 0.9200382702761254, 0.9178951197540401, 0.8528219567779856, 0.6879260948790313, 0.21533073822336068, 0.3612637571002021, 0.48203960911134563, 0.8793616221086203, 0.6443653178753577, 0.9667163543843029, 0.4691951853104687, 0.8720217456776258, 0.6508301569164006, 0.8961547498625289, 0.928417322222268, 0.43325807499510016], [0.8845946185673758, 0.7451496767886077, 0.9776221073863787, 1.0, 0.899697486842018, 0.9215997316547995, 0.6797224715391489, 0.5357151996036937, 0.8553801753315257, 0.8753844031634317, 0.7805711646955196, 0.6395456168616985, 0.9173650197903154, 0.8372643969791588, 0.9275603700664081, 0.8789580377005567, 0.8912816835966296, 0.7179463919309792, 0.23774822597817608, 0.34188284443898065, 0.5448442034721825, 0.8963305442727849, 0.5862857874595517, 0.9391754847212284, 0.4988548324404749, 0.8969116579733557, 0.6692569134908892, 0.8641833062191493, 0.8857026575062041, 0.4290308954297891], [0.8724287259053476, 0.8163681644026484, 0.8664561330561164, 0.899697486842018, 1.0, 0.9563553086057749, 0.6615726837759428, 0.515652544223301, 0.9025910452604362, 0.82633416531841, 0.5908933491154567, 0.7244729556788068, 0.9196029872676604, 0.8572179682597796, 0.8498667264241777, 0.6972475170726645, 0.9682572736265478, 0.7651896965891717, 0.27507346684895106, 0.3773692239020314, 0.5820151483133542, 0.9399689038184381, 0.4988229074542254, 0.822463840149634, 0.41702087864856663, 0.9008964200632025, 0.6798187473145652, 0.6970358054040375, 0.8571351211530498, 0.3411048019838836], [0.8418089555535856, 0.7483678731321015, 0.9104891750126918, 0.9215997316547995, 0.9563553086057749, 1.0, 0.6551997684456763, 0.5401483977862076, 0.9063423576695246, 0.8040686139245135, 0.5818244941588226, 0.7567758232630406, 0.8990821587547324, 0.8764584784606821, 0.850631454494627, 0.7391774021877986, 0.9203665237709795, 0.7395677285231332, 0.20284866918911887, 0.3974882821792356, 0.5041725242141702, 0.9025470728443692, 0.5404040693873551, 0.8471067793273429, 0.3526046255817302, 0.8905802580104792, 0.6864603955087063, 0.7102953401792972, 0.9016442562777822, 0.40236216715879203], [0.5997217430733575, 0.8028120415205456, 0.6429208040309168, 0.6797224715391489, 0.6615726837759428, 0.6551997684456763, 1.0, 0.8811928074618178, 0.8331916369479163, 0.8534269822591508, 0.4528512798282702, 0.5634808564055988, 0.8043341654077285, 0.8571909219919742, 0.831171209913109, 0.6701030029755031, 0.6363400256514005, 0.8881839804697879, 0.7977518025429196, 0.21240846088630794, 0.8888377046729291, 0.7580933023253767, 0.2719631927348276, 0.5544702221494994, 0.8316499595677269, 0.8607350908241851, 0.937047592516977, 0.653621147608792, 0.5314437050661017, 0.7342397539932335], [0.417644756974419, 0.7269486711568596, 0.5285270422771902, 0.5357151996036937, 0.515652544223301, 0.5401483977862076, 0.8811928074618178, 1.0, 0.7937882166317882, 0.7828177205694504, 0.3386637805229208, 0.6340452256293828, 0.6802143431100036, 0.834222330458553, 0.7147394495974149, 0.5822555316470326, 0.4981708262581449, 0.9051880349097182, 0.8020019369429604, 0.2931533372755122, 0.8446330059303855, 0.6378141095192197, 0.08153001912993538, 0.4033357665285118, 0.6491667302380835, 0.7081121975283954, 0.9587515475698793, 0.5717088578194924, 0.4027018446659449, 0.7390463908421901], [0.7804488467007309, 0.8300826125028387, 0.8454453349894447, 0.8553801753315257, 0.9025910452604362, 0.9063423576695246, 0.8331916369479163, 0.7937882166317882, 1.0, 0.9273027673739547, 0.5724395955478752, 0.8184503081187462, 0.945941812040602, 0.9788645656682806, 0.9036148997866777, 0.758297455117535, 0.8763801280910724, 0.928677434830758, 0.5310467167306563, 0.39514816120739127, 0.7407163569744926, 0.9375466762677211, 0.4247727131869051, 0.7626964635824657, 0.563430500398638, 0.9361786821823771, 0.8971938605883876, 0.7472396485310083, 0.8035716739272581, 0.5434982412481979], [0.8098720702786977, 0.8005190534488934, 0.8727170456052399, 0.8753844031634317, 0.82633416531841, 0.8040686139245135, 0.8534269822591508, 0.7828177205694504, 0.9273027673739547, 1.0, 0.748311767452822, 0.7018622243921491, 0.9529961491666282, 0.9186581424312095, 0.9498187068113391, 0.8784591295927131, 0.8142220184053296, 0.8962685022380155, 0.5878945616616098, 0.3019847472255426, 0.7943212054207086, 0.933810551925231, 0.46167247745927137, 0.8321668437022518, 0.7299171302602387, 0.9211272249085327, 0.8648671786215585, 0.8711535628892075, 0.7848537729542419, 0.5708719809786114], [0.8167581062974767, 0.42060856624914056, 0.8159725149687386, 0.7805711646955196, 0.5908933491154567, 0.5818244941588226, 0.4528512798282702, 0.3386637805229208, 0.5724395955478752, 0.748311767452822, 1.0, 0.41073135219510937, 0.7117988086212041, 0.5588025208313341, 0.8143374652718305, 0.8924703556561535, 0.6252870521221658, 0.4530298178854755, 0.22447754595915417, 0.12735042048216424, 0.3456696711511271, 0.7011725343025931, 0.7164990783588601, 0.8897404839294821, 0.5716370282337467, 0.6240716060561856, 0.43705312547641, 0.9273559910544824, 0.7799425409759061, 0.39876693198695534], [0.62051853361227, 0.6079369639579302, 0.6658769081551426, 0.6395456168616985, 0.7244729556788068, 0.7567758232630406, 0.5634808564055988, 0.6340452256293828, 0.8184503081187462, 0.7018622243921491, 0.41073135219510937, 1.0, 0.6931184703031181, 0.775748299014553, 0.6971025203296908, 0.6386104340133453, 0.7164752275556537, 0.7127152474075068, 0.37608329819753133, 0.5869113093891973, 0.43139175245626865, 0.7322445071675248, 0.39643352169558055, 0.5878749821141573, 0.25235966312055663, 0.6708153952988838, 0.6797454549590678, 0.5985096751779262, 0.7016740611987035, 0.2732663245990616], [0.8914369362099922, 0.8269083078481914, 0.9114809148783471, 0.9173650197903154, 0.9196029872676604, 0.8990821587547324, 0.8043341654077285, 0.6802143431100036, 0.945941812040602, 0.9529961491666282, 0.7117988086212041, 0.6931184703031181, 1.0, 0.9277913904285391, 0.9357089822999884, 0.8394859834158301, 0.9035099280019502, 0.8603127649941427, 0.45901543762521335, 0.3092959642472264, 0.7164327839133025, 0.9748309004378343, 0.5626610392098295, 0.879846296654001, 0.6379529321642883, 0.9684253020030922, 0.8109630473007217, 0.8188199688925621, 0.8645103213943075, 0.507300207107897], [0.7520180833918764, 0.8435886748166967, 0.8261285590064733, 0.8372643969791588, 0.8572179682597796, 0.8764584784606821, 0.8571909219919742, 0.834222330458553, 0.9788645656682806, 0.9186581424312095, 0.5588025208313341, 0.775748299014553, 0.9277913904285391, 1.0, 0.8939747496366646, 0.7572015835803135, 0.8323075477995463, 0.9508313023794481, 0.547681201440907, 0.3431408913452394, 0.7566265310378196, 0.9110374747259576, 0.39258018394844874, 0.7396041101250033, 0.5834222038755357, 0.9254854791470745, 0.9266484159318729, 0.7339160348683633, 0.7721746495365348, 0.6034788068512691], [0.884696886830127, 0.7838834114479677, 0.9200382702761254, 0.9275603700664081, 0.8498667264241777, 0.850631454494627, 0.831171209913109, 0.7147394495974149, 0.9036148997866777, 0.9498187068113391, 0.8143374652718305, 0.6971025203296908, 0.9357089822999884, 0.8939747496366646, 1.0, 0.9144524893189809, 0.8461846380753989, 0.8240801715677329, 0.5277431598400032, 0.31373220467795704, 0.6927621106868862, 0.9112618787372192, 0.5862969960640622, 0.8895061139311471, 0.6980871689942652, 0.9207037462012654, 0.8257810502361931, 0.9169945118228556, 0.8462090875656043, 0.6103905143919203], [0.8442588935349529, 0.5923280161578282, 0.9178951197540401, 0.8789580377005567, 0.6972475170726645, 0.7391774021877986, 0.6701030029755031, 0.5822555316470326, 0.758297455117535, 0.8784591295927131, 0.8924703556561535, 0.6386104340133453, 0.8394859834158301, 0.7572015835803135, 0.9144524893189809, 1.0, 0.7170655724816726, 0.6524514942046697, 0.35362673891432755, 0.33934065167437144, 0.4993649206841765, 0.8021702194129465, 0.6982584372053962, 0.9234465875184035, 0.6232837778849045, 0.808480829915621, 0.6561611381986636, 0.9491771862769146, 0.8455717924429312, 0.4984359036064687], [0.8946584694109254, 0.8133164226844944, 0.8528219567779856, 0.8912816835966296, 0.9682572736265478, 0.9203665237709795, 0.6363400256514005, 0.4981708262581449, 0.8763801280910724, 0.8142220184053296, 0.6252870521221658, 0.7164752275556537, 0.9035099280019502, 0.8323075477995463, 0.8461846380753989, 0.7170655724816726, 1.0, 0.7316775024279886, 0.26508663059856225, 0.3955199758527229, 0.5386585505068349, 0.9298572680121124, 0.5666946978981754, 0.829839913382018, 0.4345150466040939, 0.8772699150934065, 0.6568475121332711, 0.7118559872524322, 0.8643009212486717, 0.3268300543024006], [0.6284631340646124, 0.8848216323528411, 0.6879260948790313, 0.7179463919309792, 0.7651896965891717, 0.7395677285231332, 0.8881839804697879, 0.9051880349097182, 0.928677434830758, 0.8962685022380155, 0.4530298178854755, 0.7127152474075068, 0.8603127649941427, 0.9508313023794481, 0.8240801715677329, 0.6524514942046697, 0.7316775024279886, 1.0, 0.7025948645109171, 0.3072929672400635, 0.8862831224993752, 0.8453427389101693, 0.18390050969301677, 0.5852779086680175, 0.6459263482428816, 0.8675848040716438, 0.9614965807411817, 0.6482029865998107, 0.5853646456005747, 0.5994867366901142], [0.2537613090371559, 0.565919148721709, 0.21533073822336068, 0.23774822597817608, 0.27507346684895106, 0.20284866918911887, 0.7977518025429196, 0.8020019369429604, 0.5310467167306563, 0.5878945616616098, 0.22447754595915417, 0.37608329819753133, 0.45901543762521335, 0.547681201440907, 0.5277431598400032, 0.35362673891432755, 0.26508663059856225, 0.7025948645109171, 1.0, 0.06004909845084648, 0.8111190360339142, 0.4328912897202648, -0.014395554206873707, 0.14349057450048852, 0.7658389295112031, 0.487591883552394, 0.7784770430721595, 0.3990541117866656, 0.12507678231438887, 0.5945241348279089], [0.26850832386094736, 0.3289715645385092, 0.3612637571002021, 0.34188284443898065, 0.3773692239020314, 0.3974882821792356, 0.21240846088630794, 0.2931533372755122, 0.39514816120739127, 0.3019847472255426, 0.12735042048216424, 0.5869113093891973, 0.3092959642472264, 0.3431408913452394, 0.31373220467795704, 0.33934065167437144, 0.3955199758527229, 0.3072929672400635, 0.06004909845084648, 1.0, 0.1031962661352979, 0.2828034524683553, 0.23306379313881587, 0.3012260324079092, -0.004460106413213004, 0.3352791289046344, 0.29826103922952907, 0.26322999009071124, 0.34393454163075776, 0.035991444368658275], [0.45402142442484217, 0.8007913389737674, 0.48203960911134563, 0.5448442034721825, 0.5820151483133542, 0.5041725242141702, 0.8888377046729291, 0.8446330059303855, 0.7407163569744926, 0.7943212054207086, 0.3456696711511271, 0.43139175245626865, 0.7164327839133025, 0.7566265310378196, 0.6927621106868862, 0.4993649206841765, 0.5386585505068349, 0.8862831224993752, 0.8111190360339142, 0.1031962661352979, 1.0, 0.7024188461635972, -0.016737063929508134, 0.39606387312778135, 0.782991008785807, 0.7535075975451447, 0.8690015911678307, 0.521739624230809, 0.32736662910812864, 0.6131769192917393], [0.887726647489407, 0.8165912173650439, 0.8793616221086203, 0.8963305442727849, 0.9399689038184381, 0.9025470728443692, 0.7580933023253767, 0.6378141095192197, 0.9375466762677211, 0.933810551925231, 0.7011725343025931, 0.7322445071675248, 0.9748309004378343, 0.9110374747259576, 0.9112618787372192, 0.8021702194129465, 0.9298572680121124, 0.8453427389101693, 0.4328912897202648, 0.2828034524683553, 0.7024188461635972, 1.0, 0.5388852624050977, 0.8570687578569436, 0.6080936759703387, 0.9334971692326456, 0.7706548774739326, 0.7967892885876913, 0.8701149449429494, 0.43820086061372954], [0.7748971348847287, 0.21168216039496007, 0.6443653178753577, 0.5862857874595517, 0.4988229074542254, 0.5404040693873551, 0.2719631927348276, 0.08153001912993538, 0.4247727131869051, 0.46167247745927137, 0.7164990783588601, 0.39643352169558055, 0.5626610392098295, 0.39258018394844874, 0.5862969960640622, 0.6982584372053962, 0.5666946978981754, 0.18390050969301677, -0.014395554206873707, 0.23306379313881587, -0.016737063929508134, 0.5388852624050977, 1.0, 0.7515485559433797, 0.34761760751462123, 0.5163226188286401, 0.22379031050455322, 0.6409748733631767, 0.7812396354296305, 0.2604192169528272], [0.927340947523984, 0.5979029106510941, 0.9667163543843029, 0.9391754847212284, 0.822463840149634, 0.8471067793273429, 0.5544702221494994, 0.4033357665285118, 0.7626964635824657, 0.8321668437022518, 0.8897404839294821, 0.5878749821141573, 0.879846296654001, 0.7396041101250033, 0.8895061139311471, 0.9234465875184035, 0.829839913382018, 0.5852779086680175, 0.14349057450048852, 0.3012260324079092, 0.39606387312778135, 0.8570687578569436, 0.7515485559433797, 1.0, 0.48347893285134413, 0.8182982629269919, 0.5413722598596271, 0.8947713074801993, 0.9459459061816404, 0.37843469399916435], [0.5215435290590102, 0.5813631488478229, 0.4691951853104687, 0.4988548324404749, 0.41702087864856663, 0.3526046255817302, 0.8316499595677269, 0.6491667302380835, 0.563430500398638, 0.7299171302602387, 0.5716370282337467, 0.25235966312055663, 0.6379529321642883, 0.5834222038755357, 0.6980871689942652, 0.6232837778849045, 0.4345150466040939, 0.6459263482428816, 0.7658389295112031, -0.004460106413213004, 0.782991008785807, 0.6080936759703387, 0.34761760751462123, 0.48347893285134413, 1.0, 0.6628904175919327, 0.7012245322709746, 0.6347289382716685, 0.3818224878344145, 0.634822772624204], [0.8512709568142359, 0.8508366287759623, 0.8720217456776258, 0.8969116579733557, 0.9008964200632025, 0.8905802580104792, 0.8607350908241851, 0.7081121975283954, 0.9361786821823771, 0.9211272249085327, 0.6240716060561856, 0.6708153952988838, 0.9684253020030922, 0.9254854791470745, 0.9207037462012654, 0.808480829915621, 0.8772699150934065, 0.8675848040716438, 0.487591883552394, 0.3352791289046344, 0.7535075975451447, 0.9334971692326456, 0.5163226188286401, 0.8182982629269919, 0.6628904175919327, 1.0, 0.8392947184092185, 0.7661331753455831, 0.7999899557166654, 0.5485133879160926], [0.5829280068324578, 0.8175532484799726, 0.6508301569164006, 0.6692569134908892, 0.6798187473145652, 0.6864603955087063, 0.937047592516977, 0.9587515475698793, 0.8971938605883876, 0.8648671786215585, 0.43705312547641, 0.6797454549590678, 0.8109630473007217, 0.9266484159318729, 0.8257810502361931, 0.6561611381986636, 0.6568475121332711, 0.9614965807411817, 0.7784770430721595, 0.29826103922952907, 0.8690015911678307, 0.7706548774739326, 0.22379031050455322, 0.5413722598596271, 0.7012245322709746, 0.8392947184092185, 1.0, 0.6501744514176553, 0.5492105786901467, 0.7337588834519678], [0.8231314547825861, 0.5820410117075117, 0.8961547498625289, 0.8641833062191493, 0.6970358054040375, 0.7102953401792972, 0.653621147608792, 0.5717088578194924, 0.7472396485310083, 0.8711535628892075, 0.9273559910544824, 0.5985096751779262, 0.8188199688925621, 0.7339160348683633, 0.9169945118228556, 0.9491771862769146, 0.7118559872524322, 0.6482029865998107, 0.3990541117866656, 0.26322999009071124, 0.521739624230809, 0.7967892885876913, 0.6409748733631767, 0.8947713074801993, 0.6347289382716685, 0.7661331753455831, 0.6501744514176553, 1.0, 0.8150571363283133, 0.5100929920396202], [0.910258222020332, 0.5713177619793985, 0.928417322222268, 0.8857026575062041, 0.8571351211530498, 0.9016442562777822, 0.5314437050661017, 0.4027018446659449, 0.8035716739272581, 0.7848537729542419, 0.7799425409759061, 0.7016740611987035, 0.8645103213943075, 0.7721746495365348, 0.8462090875656043, 0.8455717924429312, 0.8643009212486717, 0.5853646456005747, 0.12507678231438887, 0.34393454163075776, 0.32736662910812864, 0.8701149449429494, 0.7812396354296305, 0.9459459061816404, 0.3818224878344145, 0.7999899557166654, 0.5492105786901467, 0.8150571363283133, 1.0, 0.36382009519637987], [0.3847141535588513, 0.44459905820779644, 0.43325807499510016, 0.4290308954297891, 0.3411048019838836, 0.40236216715879203, 0.7342397539932335, 0.7390463908421901, 0.5434982412481979, 0.5708719809786114, 0.39876693198695534, 0.2732663245990616, 0.507300207107897, 0.6034788068512691, 0.6103905143919203, 0.4984359036064687, 0.3268300543024006, 0.5994867366901142, 0.5945241348279089, 0.035991444368658275, 0.6131769192917393, 0.43820086061372954, 0.2604192169528272, 0.37843469399916435, 0.634822772624204, 0.5485133879160926, 0.7337588834519678, 0.5100929920396202, 0.36382009519637987, 1.0]], "correlation_delta": [[1.0, 0.1678286780616591, 0.17577457289383985, 0.030952611561028718, 0.23582261550020972, 0.18855965518176337, 0.06720478281641562, -0.061543346412528746, 0.10001242946909383, 0.009861856920067847, 0.09097027963841109, 0.08661971896315585, 0.32080082573168955, 0.13891842844229305, 0.24469910775759277, 0.06354759452393803, 0.04705835954640984, 0.1527378605966233, 0.006895514081303816, -0.19783645498075852, 0.042123241605857245, 0.301245591361459, 0.21746093294941332, 0.18469310854592474, -0.0936781335809497, 0.27287700971682793, 0.1304792790640385, 0.03942342614375448, 0.15503340175566177, 0.05726160119650927], [0.1678286780616591, 1.0, 0.0008764379815899559, 0.09687400662484058, 0.15948063496986847, 0.09764372139779118, 0.0843886121680222, 0.015790387244432654, -0.01036021801651153, -0.10366837972890354, -0.12276923781027649, 0.18870662948539418, 0.13710538646834083, 0.17330576596019054, 0.08106092072974488, -0.011738542766740008, 0.2027707993311019, 0.26485298572372235, 0.014695887079007475, 0.005716538788205728, 0.0006726282462979939, 0.15627961712508975, 0.0014462682845676304, -0.02948170245317036, -0.006880673522299133, 0.0034359005597078282, 0.05983143681377953, -0.13899991266114503, 0.07521551044508688, -0.04240622426652028], [0.17577457289383985, 0.0008764379815899559, 1.0, 0.46279591024162514, 0.1526417988009074, 0.42506997634058996, 0.022982212367920644, 0.10624420745834476, 0.3272572377913789, 0.1646457989921309, 0.13910212069787597, 0.08499056055446465, 0.30859911436024323, 0.16945961888299332, 0.27386038939063534, 0.14679580376343362, 0.13744026522176098, 0.12265038458278579, -0.03039962970581153, -0.045542489872770625, -0.031202162204761075, 0.2801146007191344, -0.04865052115729142, 0.2809389722182848, -0.0838441578777169, 0.10298835877400672, 0.16784110834691324, 0.17211054766417205, 0.25521313869980866, 0.1125481245155855], [0.030952611561028718, 0.09687400662484058, 0.46279591024162514, 1.0, 0.1439155266935978, 0.35267554595771244, 0.19055788769958976, 0.036296509656018494, 0.2319406215547968, 0.13113734103122415, 0.0339059669512275, 0.044085967438996176, 0.1307575435294886, 0.21009408387666761, 0.3380833346111075, 0.12466596232241287, 0.2138876052531176, 0.14772144482118477, -0.1036280023661781, -0.010271503057667258, 0.10783761508557287, 0.16567827396906187, -0.1441481469410324, 0.20432576960872584, -0.07991680344279188, 0.13719521778845006, 0.1358159597064819, 0.04543195324718758, -0.04411316667211158, 0.03340843567415448], [0.23582261550020972, 0.15948063496986847, 0.1526417988009074, 0.1439155266935978, 1.0, 0.5032516899456415, 0.020707780834560464, -0.01068769429238303, 0.4348009390289406, 0.04785141451634142, -0.10180178710872267, 0.2232541158811096, 0.14900796028062246, 0.261790922159196, 0.23530134005431397, -0.16654039662587605, 0.3681561358324764, 0.2776324357249799, 0.03741431220281173, 0.23849819163381544, -0.043425664061480754, 0.23599962315347264, 0.06502105419873305, 0.14859760515364906, -0.07836271581152568, 0.17018289375263354, 0.23466316711031082, 0.11222243917349481, 0.1800371177986196, 0.14372156197054914], [0.18855965518176337, 0.09764372139779118, 0.42506997634058996, 0.35267554595771244, 0.5032516899456415, 1.0, 0.08900805871462172, 0.06717796324042713, 0.4641183379390448, -0.029075131602143423, -0.07619857619780188, 0.09452216342726016, 0.17448591885199372, 0.3160775095763746, 0.30715080917372817, -0.16465382728935518, 0.17002077030424584, 0.1780717563786724, -0.07017338775970353, -0.05043662763043173, -0.028922340147281143, 0.40115182491678936, -0.015507330987993926, 0.2045200693103693, -0.1411877219304451, 0.1577254180214402, 0.3810788908830006, 0.08779844223943857, 0.29412047941641967, 0.1421687421499371], [0.06720478281641562, 0.0843886121680222, 0.022982212367920644, 0.19055788769958976, 0.020707780834560464, 0.08900805871462172, 1.0, 0.09361285309332318, 0.03508685325607899, 0.0031866775449583794, 0.01952749343799088, -0.19276708213502536, 0.22549014887599914, 0.09647053807340027, 0.1320830945245348, -0.012842508486062557, 0.06099725597241727, 0.09819886946612891, 0.031152114972224657, -0.017550012702956974, 0.07773840125366152, 0.01797722068922761, 0.14654669977311485, 0.052443692558693626, 0.16231100089334174, 0.30862022495340463, 0.16059374078407213, -0.045077512256662136, 0.05600747103930569, 0.07079530990082211], [-0.061543346412528746, 0.015790387244432654, 0.10624420745834476, 0.036296509656018494, -0.01068769429238303, 0.06717796324042713, 0.09361285309332318, 1.0, 0.18440759204864932, 0.13906558435511435, -0.15860456575965873, 0.14993057963876072, -0.01911489520481925, 0.15337039242003708, 0.029744254574644937, 0.2161614075681928, 0.06643359240848842, 0.12806986454048855, 0.038006082405989794, 0.04408851928258823, -0.02530725706476504, 0.033535996879619986, -0.11787108913918741, 0.014327317008917937, -0.12096957756177693, -0.04064081914944271, 0.26203319187512775, 0.01578945642326435, 0.03134878036976078, 0.1542636822460402], [0.10001242946909383, -0.01036021801651153, 0.3272572377913789, 0.2319406215547968, 0.4348009390289406, 0.4641183379390448, 0.03508685325607899, 0.18440759204864932, 1.0, 0.1506416046893469, -0.08065692331360698, 0.47387367853756335, 0.2519134019504558, 0.3574251136506997, 0.32774911232295784, 0.0509979009002391, 0.1844650868453978, 0.26515186324296, 0.000621999154883663, 0.0860461838180028, -0.0010601104781678208, 0.2679158689586684, -0.02285782096119816, 0.17323639644729344, -0.1422895992349448, 0.18259900540002982, 0.35492497687897007, 0.1350422177827934, 0.23633317892269384, 0.013340548475285369], [0.009861856920067847, -0.10366837972890354, 0.1646457989921309, 0.13113734103122415, 0.04785141451634142, -0.029075131602143423, 0.0031866775449583794, 0.13906558435511435, 0.1506416046893469, 1.0, 0.0036746585351338738, 0.15130330895286465, 0.2205548522808008, 0.0911800604158636, 0.14186181589699276, 0.35484772511498475, 0.08037037010624337, 0.10030881793070087, 0.07950996519553626, 0.06709173237946275, 0.024259451827729178, 0.15408101472687122, -0.059261955912908386, 0.2121853480165956, -0.016831086472872608, 0.07469258913835913, 0.009241068652169893, 0.23383770901044706, -0.005600950196895178, -0.11942235223773037], [0.09097027963841109, -0.12276923781027649, 0.13910212069787597, 0.0339059669512275, -0.10180178710872267, -0.07619857619780188, 0.01952749343799088, -0.15860456575965873, -0.08065692331360698, 0.0036746585351338738, 1.0, -0.14359873496850994, -0.08249135671910085, -0.02313158295751476, 0.20931514497754944, 0.12380119559228728, -0.07156456358817732, -0.034007368436608856, 0.012889428237855643, -0.035173821965865534, 0.07613263050899866, 0.017065925025304643, 0.10464562143185657, 0.23398046464773048, 0.07771457889970788, -0.07593401543367279, -0.0298469656591318, 0.23473795395455113, 0.14971947662959006, 0.09596846160911737], [0.08661971896315585, 0.18870662948539418, 0.08499056055446465, 0.044085967438996176, 0.2232541158811096, 0.09452216342726016, -0.19276708213502536, 0.14993057963876072, 0.47387367853756335, 0.15130330895286465, -0.14359873496850994, 1.0, 0.06692928301263698, 0.19597292881751843, 0.14631809833718928, 0.26370946497160613, 0.1342641612517566, 0.2804285073460018, 0.06097505742561296, 0.06279774356866327, -0.11731376798338498, 0.20432770657520538, -0.07426662814148072, 0.040286589173410506, -0.23937108594635448, 0.021316348342691846, 0.11722500400240246, 0.14633704843772677, 0.023568719177421038, -0.20934666206187663], [0.32080082573168955, 0.13710538646834083, 0.30859911436024323, 0.1307575435294886, 0.14900796028062246, 0.17448591885199372, 0.22549014887599914, -0.01911489520481925, 0.2519134019504558, 0.2205548522808008, -0.08249135671910085, 0.06692928301263698, 1.0, 0.15434414224185672, 0.17270227813415584, 0.11760623545059823, 0.09150022183250944, 0.11878227417643392, 0.0853585039981478, -0.0633890301873817, 0.09142255772714981, 0.3792681374275928, 0.20786111172147026, 0.3025134666075383, -0.01428417877006325, 0.4197078862121919, 0.07843256872345747, 0.05320706573722604, 0.16324849677370096, -0.015027359812996608], [0.13891842844229305, 0.17330576596019054, 0.16945961888299332, 0.21009408387666761, 0.261790922159196, 0.3160775095763746, 0.09647053807340027, 0.15337039242003708, 0.3574251136506997, 0.0911800604158636, -0.02313158295751476, 0.19597292881751843, 0.15434414224185672, 1.0, 0.22591426572753015, -0.03723897331741255, 0.06885735978218091, 0.5179567987531075, -0.06518634694057009, -0.008217927634487657, 0.057476360679881655, 0.318254005217276, -0.2743322436393444, 0.12006024431285325, -0.2903345534103734, 0.18824956183216623, 0.4236382888794175, -0.008150822800369129, 0.25314980585527713, 0.0782023942360231], [0.24469910775759277, 0.08106092072974488, 0.27386038939063534, 0.3380833346111075, 0.23530134005431397, 0.30715080917372817, 0.1320830945245348, 0.029744254574644937, 0.32774911232295784, 0.14186181589699276, 0.20931514497754944, 0.14631809833718928, 0.17270227813415584, 0.22591426572753015, 1.0, 0.05657307277456661, 0.009183402323653028, 0.15455639348599554, 0.05440465680117146, -0.0018294722813867919, 0.027070198232558428, 0.16107074913775743, -0.01738028566539409, 0.3111432516174727, -0.11908771121927174, 0.1544943037411851, 0.27113991760427314, 0.14730049937734127, 0.1841603803779362, 0.07805473212086632], [0.06354759452393803, -0.011738542766740008, 0.14679580376343362, 0.12466596232241287, -0.16654039662587605, -0.16465382728935518, -0.012842508486062557, 0.2161614075681928, 0.0509979009002391, 0.35484772511498475, 0.12380119559228728, 0.26370946497160613, 0.11760623545059823, -0.03723897331741255, 0.05657307277456661, 1.0, 0.0325390535479632, -0.010918725448884649, 0.1083594970758441, 0.018920057805106923, -0.08797747855568924, 0.15622646034692983, 0.16972083532965174, 0.2853897667188415, 0.04655620546586324, 0.049835534205035836, -0.08048522088970919, 0.14776671099913882, 0.061153273538691794, -0.1509968590368454], [0.04705835954640984, 0.2027707993311019, 0.13744026522176098, 0.2138876052531176, 0.3681561358324764, 0.17002077030424584, 0.06099725597241727, 0.06643359240848842, 0.1844650868453978, 0.08037037010624337, -0.07156456358817732, 0.1342641612517566, 0.09150022183250944, 0.06885735978218091, 0.009183402323653028, 0.0325390535479632, 1.0, 0.023783390751527127, 0.006316199299123795, 0.2985282553449893, -0.0690636012794626, 0.1665693563489405, 0.07633641587592005, 0.07814590141007291, -0.04705516052307719, -0.007033059522720821, 0.1393384435232717, 0.11101481488018393, 0.18631661637890046, 0.08894673446960132], [0.1527378605966233, 0.26485298572372235, 0.12265038458278579, 0.14772144482118477, 0.2776324357249799, 0.1780717563786724, 0.09819886946612891, 0.12806986454048855, 0.26515186324296, 0.10030881793070087, -0.034007368436608856, 0.2804285073460018, 0.11878227417643392, 0.5179567987531075, 0.15455639348599554, -0.010918725448884649, 0.023783390751527127, 1.0, -0.02010798625306337, -0.006694116402620971, 0.14065532545336154, 0.23610690634112497, -0.28151095822539046, 0.027998778574072077, -0.22600058191990668, 0.2158099923633604, 0.36834065885856077, 0.0078067076843100405, -0.011135934759877841, -0.0830327908455186], [0.006895514081303816, 0.014695887079007475, -0.03039962970581153, -0.1036280023661781, 0.03741431220281173, -0.07017338775970353, 0.031152114972224657, 0.038006082405989794, 0.000621999154883663, 0.07950996519553626, 0.012889428237855643, 0.06097505742561296, 0.0853585039981478, -0.06518634694057009, 0.05440465680117146, 0.1083594970758441, 0.006316199299123795, -0.02010798625306337, 1.0, 0.06315823613160898, 0.11977005870161117, 0.07707645102569481, 0.03154205521796824, -0.045179275246810466, 0.04141072327384434, -0.18808319553551628, -0.0026133319601776015, 0.06996346963514788, -0.05182440800450113, -0.14831371027066959], [-0.19783645498075852, 0.005716538788205728, -0.045542489872770625, -0.010271503057667258, 0.23849819163381544, -0.05043662763043173, -0.017550012702956974, 0.04408851928258823, 0.0860461838180028, 0.06709173237946275, -0.035173821965865534, 0.06279774356866327, -0.0633890301873817, -0.008217927634487657, -0.0018294722813867919, 0.018920057805106923, 0.2985282553449893, -0.006694116402620971, 0.06315823613160898, 1.0, -0.07303693776597654, -0.14246460192433197, 0.08622924241568405, -0.021394236695705823, 0.0627797313923603, 0.08766009508424008, 0.0222313183239784, 0.07435590994247526, 0.045106764740620475, -0.033151593556264], [0.042123241605857245, 0.0006726282462979939, -0.031202162204761075, 0.10783761508557287, -0.043425664061480754, -0.028922340147281143, 0.07773840125366152, -0.02530725706476504, -0.0010601104781678208, 0.024259451827729178, 0.07613263050899866, -0.11731376798338498, 0.09142255772714981, 0.057476360679881655, 0.027070198232558428, -0.08797747855568924, -0.0690636012794626, 0.14065532545336154, 0.11977005870161117, -0.07303693776597654, 1.0, -0.0541811329659509, -0.3230031643670223, -0.03448600931970806, -0.10429479223006252, 0.10481861330566347, 0.13386318780569947, 0.03467994776094014, -0.34205705464555114, 0.04315078024340874], [0.301245591361459, 0.15627961712508975, 0.2801146007191344, 0.16567827396906187, 0.23599962315347264, 0.40115182491678936, 0.01797722068922761, 0.033535996879619986, 0.2679158689586684, 0.15408101472687122, 0.017065925025304643, 0.20432770657520538, 0.3792681374275928, 0.318254005217276, 0.16107074913775743, 0.15622646034692983, 0.1665693563489405, 0.23610690634112497, 0.07707645102569481, -0.14246460192433197, -0.0541811329659509, 1.0, 0.10944545461994293, 0.18785209176743495, -0.020713817471653517, 0.15227723686634645, 0.09951182096344333, 0.07132609613090801, 0.3561180871518889, -0.013878683548407381], [0.21746093294941332, 0.0014462682845676304, -0.04865052115729142, -0.1441481469410324, 0.06502105419873305, -0.015507330987993926, 0.14654669977311485, -0.11787108913918741, -0.02285782096119816, -0.059261955912908386, 0.10464562143185657, -0.07426662814148072, 0.20786111172147026, -0.2743322436393444, -0.01738028566539409, 0.16972083532965174, 0.07633641587592005, -0.28151095822539046, 0.03154205521796824, 0.08622924241568405, -0.3230031643670223, 0.10944545461994293, 1.0, 0.11868712813500704, 0.45694057076013694, 0.17971520534946228, -0.0453834716308646, -0.011699789599369244, 0.36324104074284913, 0.05107246724994798], [0.18469310854592474, -0.02948170245317036, 0.2809389722182848, 0.20432576960872584, 0.14859760515364906, 0.2045200693103693, 0.052443692558693626, 0.014327317008917937, 0.17323639644729344, 0.2121853480165956, 0.23398046464773048, 0.040286589173410506, 0.3025134666075383, 0.12006024431285325, 0.3111432516174727, 0.2853897667188415, 0.07814590141007291, 0.027998778574072077, -0.045179275246810466, -0.021394236695705823, -0.03448600931970806, 0.18785209176743495, 0.11868712813500704, 1.0, 0.06474785318576033, 0.07710498184142006, 0.0329180039832392, 0.29427143009978596, 0.34206357808996535, 0.042276830656123796], [-0.0936781335809497, -0.006880673522299133, -0.0838441578777169, -0.07991680344279188, -0.07836271581152568, -0.1411877219304451, 0.16231100089334174, -0.12096957756177693, -0.1422895992349448, -0.016831086472872608, 0.07771457889970788, -0.23937108594635448, -0.01428417877006325, -0.2903345534103734, -0.11908771121927174, 0.04655620546586324, -0.04705516052307719, -0.22600058191990668, 0.04141072327384434, 0.0627797313923603, -0.10429479223006252, -0.020713817471653517, 0.45694057076013694, 0.06474785318576033, 1.0, 0.02814217924209863, -0.16620331657366538, 0.0615255070408359, 0.05613588179023854, 0.008981294726298869], [0.27287700971682793, 0.0034359005597078282, 0.10298835877400672, 0.13719521778845006, 0.17018289375263354, 0.1577254180214402, 0.30862022495340463, -0.04064081914944271, 0.18259900540002982, 0.07469258913835913, -0.07593401543367279, 0.021316348342691846, 0.4197078862121919, 0.18824956183216623, 0.1544943037411851, 0.049835534205035836, -0.007033059522720821, 0.2158099923633604, -0.18808319553551628, 0.08766009508424008, 0.10481861330566347, 0.15227723686634645, 0.17971520534946228, 0.07710498184142006, 0.02814217924209863, 1.0, 0.2129052095962381, -0.0787639039468909, -0.014108064033828208, -0.000823472188